Temperature (K)	Pressure (MPa)	Density (mol/l)	Volume (l/mol)	Internal Energy (kJ/mol)	Enthalpy (kJ/mol)	Entropy (J/mol*K)	Cv (J/mol*K)	Cp (J/mol*K)	Sound Spd. (m/s)	Joule-Thomson (K/MPa)	Viscosity (uPa*s)	Therm. Cond. (W/m*K)	Phase
514.00	0.0000	0.0000	infinite	41.707	45.980	481.96	52.428	60.742	393.10	undefined	undefined	undefined	vapor
514.00	0.10000	0.023488	42.576	41.655	45.913	130.19	52.865	61.384	392.05	11.138	undefined	undefined	vapor
514.00	0.20000	0.047155	21.206	41.602	45.844	124.32	53.309	62.041	390.98	11.179	undefined	undefined	vapor
514.00	0.30000	0.071009	14.083	41.549	45.774	120.85	53.759	62.715	389.90	11.220	undefined	undefined	vapor
514.00	0.40000	0.095056	10.520	41.495	45.703	118.35	54.216	63.404	388.80	11.260	undefined	undefined	vapor
514.00	0.50000	0.11930	8.3822	41.440	45.631	116.38	54.680	64.112	387.68	11.301	undefined	undefined	vapor
514.00	0.60000	0.14375	6.9565	41.384	45.558	114.76	55.151	64.838	386.55	11.341	undefined	undefined	vapor
514.00	0.70000	0.16841	5.9378	41.328	45.484	113.36	55.631	65.584	385.40	11.380	undefined	undefined	vapor
514.00	0.80000	0.19329	5.1735	41.270	45.409	112.14	56.119	66.350	384.24	11.419	undefined	undefined	vapor
514.00	0.90000	0.21840	4.5788	41.212	45.332	111.05	56.615	67.138	383.06	11.457	undefined	undefined	vapor
514.00	1.0000	0.24374	4.1027	41.152	45.255	110.05	57.121	67.949	381.86	11.495	undefined	undefined	vapor
514.00	1.1000	0.26932	3.7130	41.092	45.176	109.14	57.636	68.783	380.64	11.531	undefined	undefined	vapor
514.00	1.2000	0.29516	3.3880	41.031	45.096	108.29	58.161	69.643	379.41	11.567	undefined	undefined	vapor
514.00	1.3000	0.32125	3.1129	40.968	45.015	107.51	58.696	70.529	378.16	11.601	undefined	undefined	vapor
514.00	1.4000	0.34760	2.8768	40.905	44.933	106.76	59.243	71.442	376.90	11.634	undefined	undefined	vapor
514.00	1.5000	0.37424	2.6721	40.841	44.849	106.06	59.800	72.385	375.62	11.666	undefined	undefined	vapor
514.00	1.6000	0.40116	2.4928	40.775	44.764	105.39	60.369	73.357	374.32	11.696	undefined	undefined	vapor
514.00	1.7000	0.42837	2.3344	40.709	44.677	104.76	60.950	74.362	373.01	11.725	undefined	undefined	vapor
514.00	1.8000	0.45589	2.1935	40.641	44.589	104.14	61.544	75.399	371.68	11.752	undefined	undefined	vapor
514.00	1.9000	0.48373	2.0673	40.572	44.500	103.56	62.151	76.472	370.33	11.777	undefined	undefined	vapor
514.00	2.0000	0.51190	1.9535	40.502	44.409	102.99	62.771	77.580	368.97	11.799	undefined	undefined	vapor
514.00	2.1000	0.54040	1.8505	40.431	44.317	102.44	63.404	78.727	367.60	11.820	undefined	undefined	vapor
514.00	2.2000	0.56925	1.7567	40.358	44.223	101.91	64.052	79.912	366.21	11.837	undefined	undefined	vapor
514.00	2.3000	0.59847	1.6709	40.285	44.128	101.39	64.714	81.139	364.81	11.853	undefined	undefined	vapor
514.00	2.4000	0.62806	1.5922	40.209	44.031	100.88	65.390	82.408	363.39	11.865	undefined	undefined	vapor
514.00	2.5000	0.65804	1.5197	40.133	43.932	100.39	66.082	83.722	361.96	11.875	undefined	undefined	vapor
514.00	2.6000	0.68843	1.4526	40.055	43.832	99.902	66.789	85.081	360.51	11.881	undefined	undefined	vapor
514.00	2.7000	0.71923	1.3904	39.976	43.730	99.428	67.512	86.488	359.05	11.884	undefined	undefined	vapor
514.00	2.8000	0.75046	1.3325	39.895	43.626	98.961	68.250	87.944	357.58	11.884	undefined	undefined	vapor
514.00	2.9000	0.78214	1.2785	39.813	43.521	98.502	69.004	89.450	356.09	11.880	undefined	undefined	vapor
514.00	3.0000	0.81428	1.2281	39.730	43.414	98.050	69.773	91.008	354.59	11.872	undefined	undefined	vapor
514.00	3.1000	0.84689	1.1808	39.644	43.305	97.604	70.559	92.620	353.08	11.861	undefined	undefined	vapor
514.00	3.2000	0.88000	1.1364	39.558	43.194	97.163	71.360	94.287	351.56	11.846	undefined	undefined	vapor
514.00	3.3000	0.91363	1.0945	39.470	43.081	96.727	72.177	96.010	350.03	11.826	undefined	undefined	vapor
514.00	3.4000	0.94778	1.0551	39.380	42.967	96.295	73.009	97.791	348.48	11.803	undefined	undefined	vapor
514.00	3.5000	0.98248	1.0178	39.288	42.851	95.867	73.856	99.631	346.92	11.776	undefined	undefined	vapor
514.00	3.6000	1.0177	0.98256	39.195	42.732	95.442	74.718	101.53	345.35	11.745	undefined	undefined	vapor
514.00	3.7000	1.0536	0.94913	39.100	42.612	95.020	75.595	103.49	343.77	11.711	undefined	undefined	vapor
514.00	3.8000	1.0901	0.91738	39.004	42.490	94.601	76.484	105.52	342.17	11.672	undefined	undefined	vapor
514.00	3.9000	1.1272	0.88719	38.906	42.366	94.184	77.387	107.60	340.56	11.630	undefined	undefined	vapor
514.00	4.0000	1.1649	0.85844	38.806	42.240	93.769	78.303	109.75	338.93	11.585	undefined	undefined	vapor
514.00	4.1000	1.2033	0.83103	38.704	42.111	93.355	79.230	111.97	337.29	11.537	undefined	undefined	vapor
514.00	4.2000	1.2425	0.80486	38.601	41.981	92.943	80.167	114.26	335.63	11.486	undefined	undefined	vapor
514.00	4.3000	1.2823	0.77984	38.496	41.849	92.531	81.115	116.62	333.95	11.433	undefined	undefined	vapor
514.00	4.4000	1.3229	0.75590	38.389	41.715	92.121	82.072	119.05	332.24	11.378	undefined	undefined	vapor
514.00	4.5000	1.3643	0.73295	38.280	41.578	91.710	83.038	121.56	330.51	11.322	undefined	undefined	vapor
514.00	4.6000	1.4066	0.71094	38.169	41.439	91.300	84.010	124.15	328.76	11.266	undefined	undefined	vapor
514.00	4.7000	1.4497	0.68980	38.056	41.298	90.889	84.990	126.84	326.97	11.210	undefined	undefined	vapor
514.00	4.8000	1.4937	0.66946	37.942	41.155	90.478	85.977	129.62	325.14	11.155	undefined	undefined	vapor
514.00	4.9000	1.5387	0.64988	37.825	41.009	90.066	86.969	132.51	323.27	11.102	undefined	undefined	vapor
514.00	5.0000	1.5848	0.63101	37.706	40.861	89.653	87.967	135.52	321.35	11.052	undefined	undefined	vapor
514.00	5.1000	1.6319	0.61279	37.584	40.709	89.237	88.972	138.68	319.38	11.005	undefined	undefined	vapor
514.00	5.2000	1.6802	0.59518	37.460	40.555	88.820	89.983	141.99	317.35	10.963	undefined	undefined	vapor
514.00	5.3000	1.7297	0.57813	37.334	40.398	88.400	91.002	145.49	315.26	10.927	undefined	undefined	vapor
514.00	5.4000	1.7806	0.56161	37.205	40.237	87.976	92.029	149.21	313.10	10.896	undefined	undefined	vapor
514.00	5.5000	1.8330	0.54556	37.072	40.073	87.549	93.068	153.18	310.86	10.872	undefined	undefined	vapor
514.00	5.6000	1.8870	0.52995	36.936	39.904	87.116	94.120	157.44	308.55	10.854	undefined	undefined	vapor
514.00	5.7000	1.9427	0.51475	36.797	39.731	86.677	95.188	162.05	306.17	10.843	undefined	undefined	vapor
514.00	5.8000	2.0004	0.49990	36.653	39.553	86.231	96.275	167.05	303.70	10.838	undefined	undefined	vapor
514.00	5.9000	2.0602	0.48539	36.505	39.369	85.778	97.385	172.51	301.16	10.837	undefined	undefined	vapor
514.00	6.0000	2.1224	0.47117	36.351	39.178	85.315	98.522	178.48	298.56	10.839	undefined	undefined	vapor
514.00	6.1000	2.1871	0.45722	36.192	38.981	84.841	99.689	185.02	295.90	10.840	undefined	undefined	vapor
514.00	6.2000	2.2548	0.44350	36.027	38.777	84.356	100.89	192.16	293.20	10.837	undefined	undefined	vapor
514.00	6.3000	2.3255	0.43001	35.856	38.565	83.858	102.12	199.94	290.48	10.826	undefined	undefined	vapor
514.00	6.4000	2.3997	0.41672	35.677	38.344	83.346	103.39	208.34	287.75	10.803	undefined	undefined	vapor
514.00	6.5000	2.4775	0.40363	35.491	38.115	82.820	104.69	217.35	285.02	10.763	undefined	undefined	vapor
514.00	6.6000	2.5593	0.39073	35.297	37.876	82.279	106.01	226.90	282.30	10.706	undefined	undefined	vapor
514.00	6.7000	2.6453	0.37804	35.096	37.629	81.723	107.35	236.98	279.57	10.630	undefined	undefined	vapor
514.00	6.8000	2.7357	0.36554	34.887	37.372	81.151	108.69	247.64	276.79	10.542	undefined	undefined	vapor
514.00	6.9000	2.8310	0.35323	34.669	37.106	80.564	110.02	259.09	273.93	10.447	undefined	undefined	vapor
514.00	7.0000	2.9318	0.34109	34.443	36.831	79.960	111.34	271.74	270.96	10.354	undefined	undefined	vapor
514.00	7.1000	3.0389	0.32907	34.207	36.543	79.336	112.64	286.26	267.87	10.267	undefined	undefined	vapor
514.00	7.2000	3.1533	0.31713	33.959	36.242	78.687	113.95	303.44	264.72	10.187	undefined	undefined	vapor
514.00	7.3000	3.2765	0.30520	33.696	35.924	78.007	115.28	324.07	261.64	10.103	undefined	undefined	vapor
514.00	7.4000	3.4101	0.29324	33.416	35.586	77.292	116.66	348.58	258.79	9.9968	undefined	undefined	vapor
514.00	7.5000	3.5555	0.28126	33.117	35.226	76.536	118.14	376.98	256.22	9.8531	undefined	undefined	vapor
514.00	7.6000	3.7140	0.26925	32.796	34.843	75.736	119.73	409.48	253.72	9.6747	undefined	undefined	vapor
514.00	7.7000	3.8881	0.25719	32.452	34.433	74.887	121.45	448.27	250.78	9.4905	undefined	undefined	vapor
514.00	7.8000	4.0828	0.24493	32.077	33.988	73.973	123.28	499.78	246.66	9.3412	undefined	undefined	vapor
514.00	7.9000	4.3092	0.23206	31.657	33.490	72.958	125.22	577.65	240.74	9.2541	undefined	undefined	vapor
514.00	8.0000	4.5905	0.21784	31.158	32.901	71.769	127.24	711.61	232.70	9.2190	undefined	undefined	vapor
514.00	8.1000	4.9814	0.20075	30.510	32.136	70.240	129.33	993.39	222.59	9.1655	undefined	undefined	vapor
514.00	8.2000	5.6737	0.17625	29.470	30.915	67.827	131.70	1920.5	210.88	8.8105	undefined	undefined	vapor
514.00	8.3000	7.9146	0.12635	26.811	27.860	61.853	134.79	15076.	189.02	7.2511	undefined	undefined	vapor
514.00	8.3000	7.9146	0.12635	26.811	27.860	61.853	134.79	15076.	189.02	7.2511	undefined	undefined	supercritical
514.00	8.3000	7.9146	0.12635	26.811	27.860	61.853	134.79	15076.	189.02	7.2511	undefined	undefined	supercritical
514.00	8.4000	10.976	0.091111	24.288	25.053	56.373	128.34	1332.2	193.08	4.9468	undefined	undefined	supercritical
514.00	8.5000	11.607	0.086154	23.855	24.588	55.450	125.16	790.20	205.33	4.2489	undefined	undefined	supercritical
514.00	8.6000	11.988	0.083420	23.600	24.318	54.909	123.10	586.63	217.65	3.7470	undefined	undefined	supercritical
514.00	8.7000	12.260	0.081564	23.419	24.128	54.524	121.62	487.26	228.65	3.3814	undefined	undefined	supercritical
514.00	8.8000	12.476	0.080154	23.275	23.981	54.221	120.47	429.61	238.36	3.1051	undefined	undefined	supercritical
514.00	8.9000	12.657	0.079008	23.155	23.858	53.967	119.51	392.02	247.03	2.8879	undefined	undefined	supercritical
514.00	9.0000	12.814	0.078038	23.050	23.752	53.746	118.69	365.43	254.88	2.7112	undefined	undefined	supercritical
514.00	9.1000	12.954	0.077194	22.956	23.659	53.549	117.98	345.48	262.08	2.5636	undefined	undefined	supercritical
514.00	9.2000	13.081	0.076444	22.871	23.574	53.370	117.35	329.83	268.76	2.4374	undefined	undefined	supercritical
514.00	9.3000	13.198	0.075769	22.793	23.497	53.205	116.78	317.12	275.01	2.3276	undefined	undefined	supercritical
514.00	9.4000	13.306	0.075154	22.720	23.426	53.052	116.26	306.51	280.93	2.2306	undefined	undefined	supercritical
514.00	9.5000	13.407	0.074588	22.652	23.360	52.909	115.78	297.46	286.55	2.1437	undefined	undefined	supercritical
514.00	9.6000	13.502	0.074065	22.588	23.299	52.775	115.35	289.60	291.92	2.0652	undefined	undefined	supercritical
514.00	9.7000	13.591	0.073578	22.527	23.241	52.647	114.94	282.66	297.08	1.9936	undefined	undefined	supercritical
514.00	9.8000	13.676	0.073122	22.469	23.186	52.526	114.56	276.47	302.05	1.9277	undefined	undefined	supercritical
514.00	9.9000	13.756	0.072694	22.414	23.134	52.411	114.21	270.89	306.86	1.8669	undefined	undefined	supercritical
514.00	10.000	13.833	0.072290	22.362	23.085	52.301	113.87	265.82	311.52	1.8104	undefined	undefined	supercritical
514.00	10.100	13.907	0.071908	22.311	23.038	52.196	113.56	261.17	316.05	1.7576	undefined	undefined	supercritical
514.00	10.200	13.977	0.071546	22.263	22.993	52.094	113.27	256.89	320.45	1.7082	undefined	undefined	supercritical
514.00	10.300	14.045	0.071202	22.216	22.950	51.997	112.99	252.93	324.75	1.6617	undefined	undefined	supercritical
514.00	10.400	14.110	0.070874	22.171	22.909	51.903	112.72	249.24	328.94	1.6179	undefined	undefined	supercritical
514.00	10.500	14.172	0.070561	22.128	22.869	51.812	112.47	245.80	333.04	1.5765	undefined	undefined	supercritical
514.00	10.600	14.233	0.070261	22.086	22.831	51.725	112.23	242.58	337.04	1.5372	undefined	undefined	supercritical
514.00	10.700	14.291	0.069974	22.046	22.794	51.640	112.01	239.55	340.96	1.5000	undefined	undefined	supercritical
514.00	10.800	14.347	0.069699	22.006	22.759	51.558	111.79	236.70	344.80	1.4646	undefined	undefined	supercritical
514.00	10.900	14.402	0.069434	21.968	22.725	51.478	111.58	234.00	348.56	1.4309	undefined	undefined	supercritical
514.00	11.000	14.455	0.069179	21.931	22.692	51.400	111.38	231.46	352.25	1.3987	undefined	undefined	supercritical
514.00	11.100	14.507	0.068933	21.895	22.660	51.325	111.19	229.04	355.87	1.3679	undefined	undefined	supercritical
514.00	11.200	14.557	0.068696	21.860	22.629	51.252	111.01	226.75	359.43	1.3385	undefined	undefined	supercritical
514.00	11.300	14.605	0.068467	21.826	22.600	51.180	110.83	224.57	362.92	1.3104	undefined	undefined	supercritical
514.00	11.400	14.653	0.068246	21.793	22.571	51.110	110.66	222.50	366.35	1.2834	undefined	undefined	supercritical
514.00	11.500	14.699	0.068032	21.760	22.542	51.042	110.50	220.52	369.72	1.2575	undefined	undefined	supercritical
514.00	11.600	14.744	0.067824	21.728	22.515	50.976	110.34	218.63	373.03	1.2326	undefined	undefined	supercritical
514.00	11.700	14.788	0.067623	21.697	22.488	50.911	110.19	216.82	376.29	1.2087	undefined	undefined	supercritical
514.00	11.800	14.831	0.067427	21.667	22.463	50.848	110.04	215.10	379.50	1.1857	undefined	undefined	supercritical
514.00	11.900	14.873	0.067238	21.637	22.437	50.786	109.90	213.44	382.66	1.1635	undefined	undefined	supercritical
514.00	12.000	14.914	0.067053	21.608	22.413	50.725	109.76	211.85	385.76	1.1422	undefined	undefined	supercritical
514.00	12.100	14.954	0.066874	21.580	22.389	50.665	109.63	210.33	388.82	1.1216	undefined	undefined	supercritical
514.00	12.200	14.993	0.066699	21.552	22.366	50.607	109.50	208.87	391.84	1.1017	undefined	undefined	supercritical
514.00	12.300	15.031	0.066529	21.525	22.343	50.550	109.38	207.46	394.81	1.0825	undefined	undefined	supercritical
514.00	12.400	15.069	0.066363	21.498	22.321	50.494	109.26	206.10	397.74	1.0639	undefined	undefined	supercritical
514.00	12.500	15.106	0.066201	21.472	22.299	50.439	109.14	204.80	400.62	1.0459	undefined	undefined	supercritical
514.00	12.600	15.142	0.066043	21.446	22.278	50.385	109.03	203.54	403.47	1.0285	undefined	undefined	supercritical
514.00	12.700	15.177	0.065888	21.421	22.257	50.332	108.92	202.33	406.27	1.0117	undefined	undefined	supercritical
514.00	12.800	15.212	0.065738	21.396	22.237	50.279	108.81	201.16	409.04	0.99540	undefined	undefined	supercritical
514.00	12.900	15.246	0.065590	21.371	22.217	50.228	108.70	200.03	411.77	0.97958	undefined	undefined	supercritical
514.00	13.000	15.280	0.065446	21.347	22.198	50.178	108.60	198.93	414.46	0.96424	undefined	undefined	supercritical
514.00	13.100	15.313	0.065305	21.323	22.179	50.128	108.50	197.88	417.12	0.94935	undefined	undefined	supercritical
514.00	13.200	15.345	0.065167	21.300	22.160	50.079	108.40	196.85	419.75	0.93490	undefined	undefined	supercritical
514.00	13.300	15.377	0.065032	21.277	22.142	50.031	108.31	195.86	422.35	0.92085	undefined	undefined	supercritical
514.00	13.400	15.408	0.064899	21.255	22.124	49.984	108.22	194.90	424.91	0.90720	undefined	undefined	supercritical
514.00	13.500	15.439	0.064770	21.232	22.107	49.937	108.13	193.97	427.44	0.89393	undefined	undefined	supercritical
514.00	13.600	15.470	0.064642	21.210	22.090	49.891	108.04	193.07	429.94	0.88101	undefined	undefined	supercritical
514.00	13.700	15.500	0.064517	21.189	22.073	49.846	107.95	192.19	432.41	0.86845	undefined	undefined	supercritical
514.00	13.800	15.529	0.064395	21.167	22.056	49.801	107.87	191.34	434.85	0.85621	undefined	undefined	supercritical
514.00	13.900	15.558	0.064275	21.146	22.040	49.757	107.79	190.51	437.27	0.84429	undefined	undefined	supercritical
514.00	14.000	15.587	0.064156	21.126	22.024	49.713	107.70	189.71	439.65	0.83267	undefined	undefined	supercritical
514.00	14.100	15.615	0.064040	21.105	22.008	49.670	107.63	188.92	442.02	0.82134	undefined	undefined	supercritical
514.00	14.200	15.643	0.063926	21.085	21.993	49.628	107.55	188.16	444.35	0.81030	undefined	undefined	supercritical
514.00	14.300	15.670	0.063814	21.065	21.978	49.586	107.47	187.42	446.66	0.79952	undefined	undefined	supercritical
514.00	14.400	15.698	0.063704	21.046	21.963	49.545	107.40	186.70	448.95	0.78901	undefined	undefined	supercritical
514.00	14.500	15.724	0.063596	21.026	21.948	49.504	107.33	186.00	451.21	0.77874	undefined	undefined	supercritical
514.00	14.600	15.751	0.063489	21.007	21.934	49.464	107.26	185.31	453.45	0.76871	undefined	undefined	supercritical
514.00	14.700	15.777	0.063384	20.988	21.920	49.424	107.19	184.65	455.67	0.75891	undefined	undefined	supercritical
514.00	14.800	15.802	0.063281	20.969	21.906	49.384	107.12	184.00	457.86	0.74934	undefined	undefined	supercritical
514.00	14.900	15.828	0.063180	20.951	21.892	49.346	107.05	183.36	460.03	0.73998	undefined	undefined	supercritical
514.00	15.000	15.853	0.063080	20.933	21.879	49.307	106.99	182.74	462.19	0.73083	undefined	undefined	supercritical
514.00	15.100	15.878	0.062981	20.915	21.866	49.269	106.92	182.13	464.32	0.72187	undefined	undefined	supercritical
514.00	15.200	15.902	0.062884	20.897	21.853	49.231	106.86	181.54	466.43	0.71311	undefined	undefined	supercritical
514.00	15.300	15.927	0.062788	20.879	21.840	49.194	106.80	180.96	468.52	0.70453	undefined	undefined	supercritical
514.00	15.400	15.950	0.062694	20.862	21.827	49.157	106.73	180.40	470.59	0.69614	undefined	undefined	supercritical
514.00	15.500	15.974	0.062601	20.844	21.815	49.121	106.67	179.85	472.65	0.68791	undefined	undefined	supercritical
514.00	15.600	15.998	0.062509	20.827	21.802	49.085	106.61	179.30	474.68	0.67986	undefined	undefined	supercritical
514.00	15.700	16.021	0.062419	20.810	21.790	49.049	106.56	178.78	476.70	0.67197	undefined	undefined	supercritical
514.00	15.800	16.044	0.062330	20.793	21.778	49.014	106.50	178.26	478.70	0.66423	undefined	undefined	supercritical
514.00	15.900	16.066	0.062242	20.777	21.766	48.979	106.44	177.75	480.68	0.65665	undefined	undefined	supercritical
514.00	16.000	16.089	0.062155	20.760	21.755	48.944	106.39	177.25	482.65	0.64921	undefined	undefined	supercritical
514.00	16.100	16.111	0.062069	20.744	21.743	48.910	106.33	176.77	484.60	0.64191	undefined	undefined	supercritical
514.00	16.200	16.133	0.061985	20.728	21.732	48.876	106.28	176.29	486.53	0.63476	undefined	undefined	supercritical
514.00	16.300	16.155	0.061901	20.712	21.721	48.842	106.23	175.83	488.45	0.62773	undefined	undefined	supercritical
514.00	16.400	16.176	0.061819	20.696	21.710	48.809	106.18	175.37	490.35	0.62084	undefined	undefined	supercritical
514.00	16.500	16.198	0.061737	20.681	21.699	48.776	106.13	174.92	492.24	0.61407	undefined	undefined	supercritical
514.00	16.600	16.219	0.061657	20.665	21.689	48.743	106.07	174.48	494.11	0.60743	undefined	undefined	supercritical
514.00	16.700	16.240	0.061578	20.650	21.678	48.711	106.03	174.05	495.97	0.60090	undefined	undefined	supercritical
514.00	16.800	16.260	0.061499	20.635	21.668	48.678	105.98	173.62	497.82	0.59449	undefined	undefined	supercritical
514.00	16.900	16.281	0.061422	20.619	21.657	48.646	105.93	173.21	499.65	0.58819	undefined	undefined	supercritical
514.00	17.000	16.301	0.061345	20.604	21.647	48.615	105.88	172.80	501.47	0.58200	undefined	undefined	supercritical
514.00	17.100	16.321	0.061269	20.590	21.637	48.583	105.83	172.40	503.27	0.57592	undefined	undefined	supercritical
514.00	17.200	16.341	0.061194	20.575	21.627	48.552	105.79	172.00	505.06	0.56993	undefined	undefined	supercritical
514.00	17.300	16.361	0.061120	20.560	21.618	48.522	105.74	171.61	506.84	0.56405	undefined	undefined	supercritical
514.00	17.400	16.381	0.061047	20.546	21.608	48.491	105.70	171.23	508.60	0.55827	undefined	undefined	supercritical
514.00	17.500	16.400	0.060974	20.532	21.599	48.461	105.65	170.86	510.36	0.55257	undefined	undefined	supercritical
514.00	17.600	16.420	0.060903	20.517	21.589	48.430	105.61	170.49	512.10	0.54697	undefined	undefined	supercritical
514.00	17.700	16.439	0.060832	20.503	21.580	48.401	105.57	170.13	513.83	0.54147	undefined	undefined	supercritical
514.00	17.800	16.458	0.060762	20.489	21.571	48.371	105.53	169.78	515.54	0.53604	undefined	undefined	supercritical
514.00	17.900	16.477	0.060692	20.475	21.562	48.342	105.48	169.43	517.25	0.53070	undefined	undefined	supercritical
514.00	18.000	16.495	0.060624	20.462	21.553	48.312	105.44	169.08	518.94	0.52545	undefined	undefined	supercritical
514.00	18.100	16.514	0.060556	20.448	21.544	48.283	105.40	168.74	520.63	0.52028	undefined	undefined	supercritical
514.00	18.200	16.532	0.060489	20.434	21.535	48.255	105.36	168.41	522.30	0.51518	undefined	undefined	supercritical
514.00	18.300	16.550	0.060422	20.421	21.527	48.226	105.32	168.08	523.96	0.51016	undefined	undefined	supercritical
514.00	18.400	16.568	0.060356	20.408	21.518	48.198	105.28	167.76	525.62	0.50522	undefined	undefined	supercritical
514.00	18.500	16.586	0.060291	20.394	21.510	48.170	105.24	167.44	527.26	0.50034	undefined	undefined	supercritical
514.00	18.600	16.604	0.060226	20.381	21.501	48.142	105.20	167.13	528.89	0.49554	undefined	undefined	supercritical
514.00	18.700	16.622	0.060162	20.368	21.493	48.114	105.17	166.82	530.51	0.49081	undefined	undefined	supercritical
514.00	18.800	16.639	0.060099	20.355	21.485	48.086	105.13	166.52	532.12	0.48615	undefined	undefined	supercritical
514.00	18.900	16.657	0.060036	20.342	21.477	48.059	105.09	166.22	533.73	0.48155	undefined	undefined	supercritical
514.00	19.000	16.674	0.059974	20.329	21.469	48.032	105.06	165.92	535.32	0.47702	undefined	undefined	supercritical
514.00	19.100	16.691	0.059912	20.317	21.461	48.005	105.02	165.63	536.90	0.47255	undefined	undefined	supercritical
514.00	19.200	16.708	0.059851	20.304	21.453	47.978	104.98	165.34	538.48	0.46814	undefined	undefined	supercritical
514.00	19.300	16.725	0.059791	20.292	21.446	47.952	104.95	165.06	540.04	0.46380	undefined	undefined	supercritical
514.00	19.400	16.742	0.059731	20.279	21.438	47.925	104.91	164.78	541.60	0.45951	undefined	undefined	supercritical
514.00	19.500	16.758	0.059672	20.267	21.430	47.899	104.88	164.51	543.15	0.45528	undefined	undefined	supercritical
514.00	19.600	16.775	0.059613	20.255	21.423	47.873	104.85	164.24	544.69	0.45110	undefined	undefined	supercritical
514.00	19.700	16.791	0.059555	20.242	21.416	47.847	104.81	163.97	546.22	0.44698	undefined	undefined	supercritical
514.00	19.800	16.808	0.059497	20.230	21.408	47.821	104.78	163.70	547.74	0.44292	undefined	undefined	supercritical
514.00	19.900	16.824	0.059440	20.218	21.401	47.795	104.74	163.44	549.26	0.43890	undefined	undefined	supercritical
514.00	20.000	16.840	0.059383	20.206	21.394	47.770	104.71	163.19	550.77	0.43494	undefined	undefined	supercritical
514.00	20.100	16.856	0.059326	20.195	21.387	47.745	104.68	162.93	552.27	0.43103	undefined	undefined	supercritical
514.00	20.200	16.872	0.059271	20.183	21.380	47.720	104.65	162.68	553.76	0.42717	undefined	undefined	supercritical
514.00	20.300	16.888	0.059215	20.171	21.373	47.695	104.62	162.44	555.24	0.42336	undefined	undefined	supercritical
514.00	20.400	16.903	0.059160	20.159	21.366	47.670	104.58	162.19	556.72	0.41959	undefined	undefined	supercritical
514.00	20.500	16.919	0.059106	20.148	21.359	47.645	104.55	161.95	558.19	0.41587	undefined	undefined	supercritical
514.00	20.600	16.934	0.059052	20.136	21.353	47.621	104.52	161.71	559.65	0.41220	undefined	undefined	supercritical
514.00	20.700	16.950	0.058998	20.125	21.346	47.596	104.49	161.48	561.10	0.40857	undefined	undefined	supercritical
514.00	20.800	16.965	0.058945	20.114	21.340	47.572	104.46	161.25	562.55	0.40498	undefined	undefined	supercritical
514.00	20.900	16.980	0.058893	20.102	21.333	47.548	104.43	161.02	563.99	0.40144	undefined	undefined	supercritical
514.00	21.000	16.995	0.058840	20.091	21.327	47.524	104.40	160.79	565.43	0.39794	undefined	undefined	supercritical
514.00	21.100	17.010	0.058789	20.080	21.320	47.500	104.37	160.57	566.85	0.39448	undefined	undefined	supercritical
514.00	21.200	17.025	0.058737	20.069	21.314	47.476	104.34	160.35	568.27	0.39106	undefined	undefined	supercritical
514.00	21.300	17.040	0.058686	20.058	21.308	47.453	104.32	160.13	569.69	0.38768	undefined	undefined	supercritical
514.00	21.400	17.055	0.058635	20.047	21.302	47.429	104.29	159.91	571.09	0.38434	undefined	undefined	supercritical
514.00	21.500	17.069	0.058585	20.036	21.295	47.406	104.26	159.70	572.50	0.38104	undefined	undefined	supercritical
514.00	21.600	17.084	0.058535	20.025	21.289	47.383	104.23	159.49	573.89	0.37777	undefined	undefined	supercritical
514.00	21.700	17.098	0.058486	20.014	21.283	47.360	104.20	159.28	575.28	0.37454	undefined	undefined	supercritical
514.00	21.800	17.113	0.058437	20.004	21.277	47.337	104.18	159.07	576.66	0.37135	undefined	undefined	supercritical
514.00	21.900	17.127	0.058388	19.993	21.272	47.314	104.15	158.87	578.04	0.36819	undefined	undefined	supercritical
514.00	22.000	17.141	0.058340	19.982	21.266	47.291	104.12	158.67	579.41	0.36507	undefined	undefined	supercritical
514.00	22.100	17.155	0.058292	19.972	21.260	47.269	104.10	158.47	580.77	0.36198	undefined	undefined	supercritical
514.00	22.200	17.169	0.058244	19.961	21.254	47.246	104.07	158.27	582.13	0.35893	undefined	undefined	supercritical
514.00	22.300	17.183	0.058196	19.951	21.249	47.224	104.04	158.07	583.48	0.35591	undefined	undefined	supercritical
514.00	22.400	17.197	0.058149	19.940	21.243	47.202	104.02	157.88	584.83	0.35292	undefined	undefined	supercritical
514.00	22.500	17.211	0.058103	19.930	21.237	47.180	103.99	157.69	586.17	0.34996	undefined	undefined	supercritical
514.00	22.600	17.225	0.058056	19.920	21.232	47.158	103.97	157.50	587.51	0.34703	undefined	undefined	supercritical
514.00	22.700	17.238	0.058010	19.910	21.227	47.136	103.94	157.31	588.84	0.34413	undefined	undefined	supercritical
514.00	22.800	17.252	0.057965	19.900	21.221	47.114	103.92	157.13	590.16	0.34127	undefined	undefined	supercritical
514.00	22.900	17.265	0.057919	19.889	21.216	47.093	103.89	156.95	591.48	0.33843	undefined	undefined	supercritical
514.00	23.000	17.279	0.057874	19.879	21.211	47.071	103.87	156.76	592.79	0.33562	undefined	undefined	supercritical
514.00	23.100	17.292	0.057830	19.869	21.205	47.050	103.84	156.58	594.10	0.33284	undefined	undefined	supercritical
514.00	23.200	17.305	0.057785	19.860	21.200	47.028	103.82	156.41	595.41	0.33009	undefined	undefined	supercritical
514.00	23.300	17.319	0.057741	19.850	21.195	47.007	103.79	156.23	596.71	0.32737	undefined	undefined	supercritical
514.00	23.400	17.332	0.057697	19.840	21.190	46.986	103.77	156.06	598.00	0.32467	undefined	undefined	supercritical
514.00	23.500	17.345	0.057654	19.830	21.185	46.965	103.74	155.88	599.29	0.32200	undefined	undefined	supercritical
514.00	23.600	17.358	0.057610	19.820	21.180	46.944	103.72	155.71	600.57	0.31936	undefined	undefined	supercritical
514.00	23.700	17.371	0.057567	19.811	21.175	46.923	103.70	155.54	601.85	0.31674	undefined	undefined	supercritical
514.00	23.800	17.384	0.057525	19.801	21.170	46.902	103.67	155.38	603.13	0.31415	undefined	undefined	supercritical
514.00	23.900	17.397	0.057482	19.791	21.165	46.882	103.65	155.21	604.40	0.31158	undefined	undefined	supercritical
514.00	24.000	17.409	0.057440	19.782	21.160	46.861	103.63	155.05	605.66	0.30904	undefined	undefined	supercritical
514.00	24.100	17.422	0.057398	19.772	21.156	46.841	103.61	154.88	606.92	0.30652	undefined	undefined	supercritical
514.00	24.200	17.435	0.057357	19.763	21.151	46.820	103.58	154.72	608.18	0.30403	undefined	undefined	supercritical
514.00	24.300	17.447	0.057315	19.753	21.146	46.800	103.56	154.56	609.43	0.30156	undefined	undefined	supercritical
514.00	24.400	17.460	0.057274	19.744	21.142	46.780	103.54	154.41	610.67	0.29911	undefined	undefined	supercritical
514.00	24.500	17.472	0.057234	19.735	21.137	46.760	103.52	154.25	611.92	0.29669	undefined	undefined	supercritical
514.00	24.600	17.485	0.057193	19.725	21.132	46.740	103.50	154.09	613.15	0.29428	undefined	undefined	supercritical
514.00	24.700	17.497	0.057153	19.716	21.128	46.720	103.47	153.94	614.39	0.29190	undefined	undefined	supercritical
514.00	24.800	17.509	0.057113	19.707	21.123	46.700	103.45	153.79	615.62	0.28955	undefined	undefined	supercritical
514.00	24.900	17.521	0.057073	19.698	21.119	46.680	103.43	153.64	616.84	0.28721	undefined	undefined	supercritical
514.00	25.000	17.534	0.057033	19.689	21.115	46.661	103.41	153.49	618.06	0.28489	undefined	undefined	supercritical
514.00	25.100	17.546	0.056994	19.680	21.110	46.641	103.39	153.34	619.28	0.28260	undefined	undefined	supercritical
514.00	25.200	17.558	0.056955	19.671	21.106	46.622	103.37	153.19	620.49	0.28032	undefined	undefined	supercritical
514.00	25.300	17.570	0.056916	19.662	21.102	46.602	103.35	153.05	621.70	0.27807	undefined	undefined	supercritical
514.00	25.400	17.582	0.056877	19.653	21.097	46.583	103.33	152.90	622.91	0.27584	undefined	undefined	supercritical
514.00	25.500	17.594	0.056839	19.644	21.093	46.564	103.31	152.76	624.11	0.27362	undefined	undefined	supercritical
514.00	25.600	17.605	0.056801	19.635	21.089	46.545	103.29	152.62	625.30	0.27143	undefined	undefined	supercritical
514.00	25.700	17.617	0.056763	19.626	21.085	46.525	103.27	152.47	626.50	0.26925	undefined	undefined	supercritical
514.00	25.800	17.629	0.056725	19.617	21.081	46.506	103.25	152.34	627.69	0.26709	undefined	undefined	supercritical
514.00	25.900	17.641	0.056688	19.609	21.077	46.488	103.23	152.20	628.87	0.26496	undefined	undefined	supercritical
514.00	26.000	17.652	0.056650	19.600	21.073	46.469	103.21	152.06	630.05	0.26283	undefined	undefined	supercritical
514.00	26.100	17.664	0.056613	19.591	21.069	46.450	103.19	151.92	631.23	0.26073	undefined	undefined	supercritical
514.00	26.200	17.675	0.056576	19.583	21.065	46.431	103.17	151.79	632.40	0.25865	undefined	undefined	supercritical
514.00	26.300	17.687	0.056540	19.574	21.061	46.413	103.15	151.65	633.57	0.25658	undefined	undefined	supercritical
514.00	26.400	17.698	0.056503	19.565	21.057	46.394	103.13	151.52	634.74	0.25453	undefined	undefined	supercritical
514.00	26.500	17.709	0.056467	19.557	21.053	46.376	103.11	151.39	635.90	0.25250	undefined	undefined	supercritical
514.00	26.600	17.721	0.056431	19.548	21.049	46.357	103.09	151.26	637.06	0.25048	undefined	undefined	supercritical
514.00	26.700	17.732	0.056395	19.540	21.046	46.339	103.07	151.13	638.22	0.24849	undefined	undefined	supercritical
514.00	26.800	17.743	0.056360	19.531	21.042	46.321	103.05	151.00	639.37	0.24650	undefined	undefined	supercritical
514.00	26.900	17.754	0.056324	19.523	21.038	46.303	103.03	150.87	640.52	0.24454	undefined	undefined	supercritical
514.00	27.000	17.765	0.056289	19.515	21.034	46.284	103.01	150.75	641.67	0.24259	undefined	undefined	supercritical
514.00	27.100	17.777	0.056254	19.506	21.031	46.266	103.00	150.62	642.81	0.24065	undefined	undefined	supercritical
514.00	27.200	17.788	0.056219	19.498	21.027	46.248	102.98	150.50	643.95	0.23873	undefined	undefined	supercritical
514.00	27.300	17.799	0.056184	19.490	21.024	46.231	102.96	150.37	645.08	0.23683	undefined	undefined	supercritical
514.00	27.400	17.809	0.056150	19.482	21.020	46.213	102.94	150.25	646.21	0.23494	undefined	undefined	supercritical
514.00	27.500	17.820	0.056116	19.473	21.017	46.195	102.92	150.13	647.34	0.23307	undefined	undefined	supercritical
514.00	27.600	17.831	0.056081	19.465	21.013	46.177	102.91	150.01	648.47	0.23121	undefined	undefined	supercritical
514.00	27.700	17.842	0.056048	19.457	21.010	46.160	102.89	149.89	649.59	0.22936	undefined	undefined	supercritical
514.00	27.800	17.853	0.056014	19.449	21.006	46.142	102.87	149.77	650.71	0.22753	undefined	undefined	supercritical
514.00	27.900	17.863	0.055980	19.441	21.003	46.125	102.85	149.65	651.83	0.22572	undefined	undefined	supercritical
514.00	28.000	17.874	0.055947	19.433	20.999	46.107	102.83	149.53	652.94	0.22392	undefined	undefined	supercritical
514.00	28.100	17.885	0.055914	19.425	20.996	46.090	102.82	149.42	654.05	0.22213	undefined	undefined	supercritical
514.00	28.200	17.895	0.055881	19.417	20.993	46.073	102.80	149.30	655.15	0.22036	undefined	undefined	supercritical
514.00	28.300	17.906	0.055848	19.409	20.990	46.055	102.78	149.19	656.26	0.21860	undefined	undefined	supercritical
514.00	28.400	17.916	0.055815	19.401	20.986	46.038	102.77	149.07	657.36	0.21685	undefined	undefined	supercritical
514.00	28.500	17.927	0.055782	19.393	20.983	46.021	102.75	148.96	658.46	0.21512	undefined	undefined	supercritical
514.00	28.600	17.937	0.055750	19.385	20.980	46.004	102.73	148.85	659.55	0.21339	undefined	undefined	supercritical
514.00	28.700	17.948	0.055718	19.378	20.977	45.987	102.71	148.74	660.64	0.21169	undefined	undefined	supercritical
514.00	28.800	17.958	0.055686	19.370	20.974	45.970	102.70	148.63	661.73	0.20999	undefined	undefined	supercritical
514.00	28.900	17.968	0.055654	19.362	20.971	45.953	102.68	148.52	662.82	0.20831	undefined	undefined	supercritical
514.00	29.000	17.978	0.055622	19.354	20.967	45.936	102.66	148.41	663.90	0.20664	undefined	undefined	supercritical
514.00	29.100	17.989	0.055590	19.347	20.964	45.920	102.65	148.30	664.98	0.20498	undefined	undefined	supercritical
514.00	29.200	17.999	0.055559	19.339	20.961	45.903	102.63	148.19	666.06	0.20334	undefined	undefined	supercritical
514.00	29.300	18.009	0.055528	19.331	20.958	45.886	102.62	148.09	667.13	0.20170	undefined	undefined	supercritical
514.00	29.400	18.019	0.055497	19.324	20.955	45.870	102.60	147.98	668.20	0.20008	undefined	undefined	supercritical
514.00	29.500	18.029	0.055466	19.316	20.952	45.853	102.58	147.88	669.27	0.19847	undefined	undefined	supercritical
514.00	29.600	18.039	0.055435	19.309	20.950	45.837	102.57	147.77	670.34	0.19687	undefined	undefined	supercritical
514.00	29.700	18.049	0.055404	19.301	20.947	45.820	102.55	147.67	671.40	0.19529	undefined	undefined	supercritical
514.00	29.800	18.059	0.055374	19.294	20.944	45.804	102.54	147.57	672.46	0.19371	undefined	undefined	supercritical
514.00	29.900	18.069	0.055343	19.286	20.941	45.788	102.52	147.46	673.52	0.19215	undefined	undefined	supercritical
514.00	30.000	18.079	0.055313	19.279	20.938	45.771	102.50	147.36	674.58	0.19059	undefined	undefined	supercritical
514.00	30.100	18.089	0.055283	19.271	20.935	45.755	102.49	147.26	675.63	0.18905	undefined	undefined	supercritical
514.00	30.200	18.099	0.055253	19.264	20.933	45.739	102.47	147.16	676.68	0.18752	undefined	undefined	supercritical
514.00	30.300	18.108	0.055223	19.257	20.930	45.723	102.46	147.06	677.73	0.18600	undefined	undefined	supercritical
514.00	30.400	18.118	0.055193	19.249	20.927	45.707	102.44	146.96	678.77	0.18449	undefined	undefined	supercritical
514.00	30.500	18.128	0.055164	19.242	20.924	45.691	102.43	146.86	679.81	0.18299	undefined	undefined	supercritical
514.00	30.600	18.137	0.055135	19.235	20.922	45.675	102.41	146.77	680.85	0.18150	undefined	undefined	supercritical
514.00	30.700	18.147	0.055105	19.227	20.919	45.659	102.40	146.67	681.89	0.18002	undefined	undefined	supercritical
514.00	30.800	18.157	0.055076	19.220	20.916	45.643	102.38	146.57	682.93	0.17855	undefined	undefined	supercritical
514.00	30.900	18.166	0.055047	19.213	20.914	45.627	102.37	146.48	683.96	0.17709	undefined	undefined	supercritical
514.00	31.000	18.176	0.055018	19.206	20.911	45.612	102.35	146.38	684.99	0.17564	undefined	undefined	supercritical
514.00	31.100	18.185	0.054990	19.198	20.909	45.596	102.34	146.29	686.02	0.17420	undefined	undefined	supercritical
514.00	31.200	18.195	0.054961	19.191	20.906	45.580	102.32	146.20	687.04	0.17277	undefined	undefined	supercritical
514.00	31.300	18.204	0.054932	19.184	20.904	45.565	102.31	146.10	688.06	0.17135	undefined	undefined	supercritical
514.00	31.400	18.214	0.054904	19.177	20.901	45.549	102.29	146.01	689.08	0.16994	undefined	undefined	supercritical
514.00	31.500	18.223	0.054876	19.170	20.899	45.534	102.28	145.92	690.10	0.16854	undefined	undefined	supercritical
514.00	31.600	18.232	0.054848	19.163	20.896	45.518	102.26	145.83	691.12	0.16715	undefined	undefined	supercritical
514.00	31.700	18.242	0.054820	19.156	20.894	45.503	102.25	145.74	692.13	0.16577	undefined	undefined	supercritical
514.00	31.800	18.251	0.054792	19.149	20.891	45.488	102.23	145.65	693.14	0.16439	undefined	undefined	supercritical
514.00	31.900	18.260	0.054764	19.142	20.889	45.472	102.22	145.56	694.15	0.16303	undefined	undefined	supercritical
514.00	32.000	18.269	0.054737	19.135	20.887	45.457	102.21	145.47	695.16	0.16167	undefined	undefined	supercritical
514.00	32.100	18.278	0.054709	19.128	20.884	45.442	102.19	145.38	696.16	0.16033	undefined	undefined	supercritical
514.00	32.200	18.288	0.054682	19.121	20.882	45.427	102.18	145.29	697.16	0.15899	undefined	undefined	supercritical
514.00	32.300	18.297	0.054655	19.114	20.880	45.412	102.16	145.20	698.16	0.15766	undefined	undefined	supercritical
514.00	32.400	18.306	0.054627	19.107	20.877	45.397	102.15	145.12	699.16	0.15634	undefined	undefined	supercritical
514.00	32.500	18.315	0.054600	19.101	20.875	45.381	102.14	145.03	700.15	0.15503	undefined	undefined	supercritical
514.00	32.600	18.324	0.054574	19.094	20.873	45.367	102.12	144.94	701.14	0.15372	undefined	undefined	supercritical
514.00	32.700	18.333	0.054547	19.087	20.871	45.352	102.11	144.86	702.14	0.15243	undefined	undefined	supercritical
514.00	32.800	18.342	0.054520	19.080	20.868	45.337	102.09	144.77	703.12	0.15114	undefined	undefined	supercritical
514.00	32.900	18.351	0.054494	19.073	20.866	45.322	102.08	144.69	704.11	0.14986	undefined	undefined	supercritical
514.00	33.000	18.360	0.054467	19.067	20.864	45.307	102.07	144.60	705.09	0.14859	undefined	undefined	supercritical
514.00	33.100	18.369	0.054441	19.060	20.862	45.292	102.05	144.52	706.08	0.14733	undefined	undefined	supercritical
514.00	33.200	18.377	0.054415	19.053	20.860	45.278	102.04	144.44	707.06	0.14607	undefined	undefined	supercritical
514.00	33.300	18.386	0.054388	19.047	20.858	45.263	102.03	144.36	708.03	0.14482	undefined	undefined	supercritical
514.00	33.400	18.395	0.054362	19.040	20.856	45.248	102.01	144.27	709.01	0.14359	undefined	undefined	supercritical
514.00	33.500	18.404	0.054337	19.033	20.854	45.234	102.00	144.19	709.98	0.14235	undefined	undefined	supercritical
514.00	33.600	18.413	0.054311	19.027	20.852	45.219	101.99	144.11	710.95	0.14113	undefined	undefined	supercritical
514.00	33.700	18.421	0.054285	19.020	20.850	45.205	101.97	144.03	711.92	0.13991	undefined	undefined	supercritical
514.00	33.800	18.430	0.054260	19.014	20.848	45.190	101.96	143.95	712.89	0.13870	undefined	undefined	supercritical
514.00	33.900	18.439	0.054234	19.007	20.846	45.176	101.95	143.87	713.85	0.13750	undefined	undefined	supercritical
514.00	34.000	18.447	0.054209	19.000	20.844	45.161	101.93	143.79	714.82	0.13631	undefined	undefined	supercritical
514.00	34.100	18.456	0.054183	18.994	20.842	45.147	101.92	143.71	715.78	0.13512	undefined	undefined	supercritical
514.00	34.200	18.464	0.054158	18.987	20.840	45.133	101.91	143.64	716.74	0.13394	undefined	undefined	supercritical
514.00	34.300	18.473	0.054133	18.981	20.838	45.119	101.89	143.56	717.70	0.13277	undefined	undefined	supercritical
514.00	34.400	18.481	0.054108	18.975	20.836	45.104	101.88	143.48	718.65	0.13160	undefined	undefined	supercritical
514.00	34.500	18.490	0.054083	18.968	20.834	45.090	101.87	143.40	719.60	0.13044	undefined	undefined	supercritical
514.00	34.600	18.498	0.054059	18.962	20.832	45.076	101.86	143.33	720.56	0.12929	undefined	undefined	supercritical
514.00	34.700	18.507	0.054034	18.955	20.830	45.062	101.84	143.25	721.50	0.12814	undefined	undefined	supercritical
514.00	34.800	18.515	0.054009	18.949	20.828	45.048	101.83	143.18	722.45	0.12700	undefined	undefined	supercritical
514.00	34.900	18.524	0.053985	18.943	20.827	45.034	101.82	143.10	723.40	0.12587	undefined	undefined	supercritical
514.00	35.000	18.532	0.053960	18.936	20.825	45.020	101.80	143.03	724.34	0.12475	undefined	undefined	supercritical
514.00	35.100	18.540	0.053936	18.930	20.823	45.006	101.79	142.95	725.28	0.12363	undefined	undefined	supercritical
514.00	35.200	18.549	0.053912	18.924	20.821	44.992	101.78	142.88	726.22	0.12252	undefined	undefined	supercritical
514.00	35.300	18.557	0.053888	18.917	20.820	44.978	101.77	142.80	727.16	0.12141	undefined	undefined	supercritical
514.00	35.400	18.565	0.053864	18.911	20.818	44.964	101.75	142.73	728.10	0.12031	undefined	undefined	supercritical
514.00	35.500	18.574	0.053840	18.905	20.816	44.950	101.74	142.66	729.03	0.11922	undefined	undefined	supercritical
514.00	35.600	18.582	0.053816	18.899	20.814	44.937	101.73	142.59	729.96	0.11813	undefined	undefined	supercritical
514.00	35.700	18.590	0.053792	18.892	20.813	44.923	101.72	142.51	730.89	0.11705	undefined	undefined	supercritical
514.00	35.800	18.598	0.053769	18.886	20.811	44.909	101.71	142.44	731.82	0.11598	undefined	undefined	supercritical
514.00	35.900	18.606	0.053745	18.880	20.809	44.896	101.69	142.37	732.75	0.11491	undefined	undefined	supercritical
514.00	36.000	18.614	0.053722	18.874	20.808	44.882	101.68	142.30	733.68	0.11385	undefined	undefined	supercritical
514.00	36.100	18.623	0.053698	18.868	20.806	44.868	101.67	142.23	734.60	0.11279	undefined	undefined	supercritical
514.00	36.200	18.631	0.053675	18.862	20.805	44.855	101.66	142.16	735.52	0.11174	undefined	undefined	supercritical
514.00	36.300	18.639	0.053652	18.855	20.803	44.841	101.64	142.09	736.44	0.11070	undefined	undefined	supercritical
514.00	36.400	18.647	0.053629	18.849	20.801	44.828	101.63	142.02	737.36	0.10966	undefined	undefined	supercritical
514.00	36.500	18.655	0.053606	18.843	20.800	44.814	101.62	141.95	738.28	0.10863	undefined	undefined	supercritical
514.00	36.600	18.663	0.053583	18.837	20.798	44.801	101.61	141.88	739.19	0.10760	undefined	undefined	supercritical
514.00	36.700	18.671	0.053560	18.831	20.797	44.788	101.60	141.82	740.10	0.10658	undefined	undefined	supercritical
514.00	36.800	18.679	0.053537	18.825	20.795	44.774	101.59	141.75	741.01	0.10557	undefined	undefined	supercritical
514.00	36.900	18.687	0.053515	18.819	20.794	44.761	101.57	141.68	741.92	0.10456	undefined	undefined	supercritical
514.00	37.000	18.694	0.053492	18.813	20.792	44.748	101.56	141.61	742.83	0.10356	undefined	undefined	supercritical
514.00	37.100	18.702	0.053469	18.807	20.791	44.734	101.55	141.55	743.74	0.10256	undefined	undefined	supercritical
514.00	37.200	18.710	0.053447	18.801	20.790	44.721	101.54	141.48	744.64	0.10157	undefined	undefined	supercritical
514.00	37.300	18.718	0.053425	18.795	20.788	44.708	101.53	141.41	745.55	0.10058	undefined	undefined	supercritical
514.00	37.400	18.726	0.053402	18.789	20.787	44.695	101.52	141.35	746.45	0.099596	undefined	undefined	supercritical
514.00	37.500	18.734	0.053380	18.784	20.785	44.682	101.50	141.28	747.35	0.098620	undefined	undefined	supercritical
514.00	37.600	18.741	0.053358	18.778	20.784	44.669	101.49	141.22	748.24	0.097649	undefined	undefined	supercritical
514.00	37.700	18.749	0.053336	18.772	20.783	44.656	101.48	141.15	749.14	0.096683	undefined	undefined	supercritical
514.00	37.800	18.757	0.053314	18.766	20.781	44.643	101.47	141.09	750.03	0.095722	undefined	undefined	supercritical
514.00	37.900	18.765	0.053292	18.760	20.780	44.630	101.46	141.02	750.93	0.094767	undefined	undefined	supercritical
514.00	38.000	18.772	0.053270	18.754	20.778	44.617	101.45	140.96	751.82	0.093816	undefined	undefined	supercritical
514.00	38.100	18.780	0.053249	18.748	20.777	44.604	101.44	140.90	752.71	0.092871	undefined	undefined	supercritical
514.00	38.200	18.787	0.053227	18.743	20.776	44.591	101.42	140.83	753.60	0.091931	undefined	undefined	supercritical
514.00	38.300	18.795	0.053205	18.737	20.775	44.578	101.41	140.77	754.48	0.090996	undefined	undefined	supercritical
514.00	38.400	18.803	0.053184	18.731	20.773	44.565	101.40	140.71	755.37	0.090065	undefined	undefined	supercritical
514.00	38.500	18.810	0.053162	18.725	20.772	44.552	101.39	140.64	756.25	0.089140	undefined	undefined	supercritical
514.00	38.600	18.818	0.053141	18.720	20.771	44.540	101.38	140.58	757.13	0.088220	undefined	undefined	supercritical
514.00	38.700	18.825	0.053120	18.714	20.770	44.527	101.37	140.52	758.01	0.087304	undefined	undefined	supercritical
514.00	38.800	18.833	0.053099	18.708	20.768	44.514	101.36	140.46	758.89	0.086393	undefined	undefined	supercritical
514.00	38.900	18.840	0.053077	18.702	20.767	44.501	101.35	140.40	759.77	0.085487	undefined	undefined	supercritical
514.00	39.000	18.848	0.053056	18.697	20.766	44.489	101.34	140.34	760.64	0.084586	undefined	undefined	supercritical
514.00	39.100	18.855	0.053035	18.691	20.765	44.476	101.32	140.28	761.52	0.083689	undefined	undefined	supercritical
514.00	39.200	18.863	0.053014	18.685	20.764	44.464	101.31	140.22	762.39	0.082797	undefined	undefined	supercritical
514.00	39.300	18.870	0.052994	18.680	20.762	44.451	101.30	140.16	763.26	0.081910	undefined	undefined	supercritical
514.00	39.400	18.878	0.052973	18.674	20.761	44.439	101.29	140.10	764.13	0.081027	undefined	undefined	supercritical
514.00	39.500	18.885	0.052952	18.669	20.760	44.426	101.28	140.04	765.00	0.080149	undefined	undefined	supercritical
514.00	39.600	18.892	0.052931	18.663	20.759	44.414	101.27	139.98	765.87	0.079275	undefined	undefined	supercritical
514.00	39.700	18.900	0.052911	18.657	20.758	44.401	101.26	139.92	766.73	0.078406	undefined	undefined	supercritical
514.00	39.800	18.907	0.052890	18.652	20.757	44.389	101.25	139.86	767.60	0.077541	undefined	undefined	supercritical
514.00	39.900	18.914	0.052870	18.646	20.756	44.376	101.24	139.80	768.46	0.076681	undefined	undefined	supercritical
514.00	40.000	18.922	0.052850	18.641	20.755	44.364	101.23	139.75	769.32	0.075825	undefined	undefined	supercritical
514.00	40.100	18.929	0.052829	18.635	20.754	44.352	101.22	139.69	770.18	0.074973	undefined	undefined	supercritical
514.00	40.200	18.936	0.052809	18.630	20.753	44.339	101.21	139.63	771.04	0.074126	undefined	undefined	supercritical
514.00	40.300	18.943	0.052789	18.624	20.752	44.327	101.20	139.57	771.89	0.073283	undefined	undefined	supercritical
514.00	40.400	18.951	0.052769	18.619	20.751	44.315	101.19	139.52	772.75	0.072444	undefined	undefined	supercritical
514.00	40.500	18.958	0.052749	18.613	20.750	44.303	101.18	139.46	773.60	0.071609	undefined	undefined	supercritical
