Temperature (K)	Pressure (MPa)	Density (mol/l)	Volume (l/mol)	Internal Energy (kJ/mol)	Enthalpy (kJ/mol)	Entropy (J/mol*K)	Cv (J/mol*K)	Cp (J/mol*K)	Sound Spd. (m/s)	Joule-Thomson (K/MPa)	Viscosity (uPa*s)	Therm. Cond. (W/m*K)	Phase
563.00	0.010000	0.0021378	467.77	52.950	57.627	165.08	142.32	150.66	251.70	6.5124	undefined	undefined	vapor
563.00	0.051650	0.011074	90.304	52.922	57.586	151.38	142.39	150.82	251.05	6.5408	undefined	undefined	vapor
563.00	0.093300	0.020062	49.846	52.894	57.545	146.42	142.45	150.99	250.40	6.5695	undefined	undefined	vapor
563.00	0.13495	0.029103	34.361	52.867	57.504	143.30	142.52	151.16	249.74	6.5986	undefined	undefined	vapor
563.00	0.17660	0.038197	26.180	52.839	57.462	141.01	142.59	151.34	249.08	6.6280	undefined	undefined	vapor
563.00	0.21825	0.047346	21.121	52.810	57.420	139.20	142.66	151.51	248.42	6.6578	undefined	undefined	vapor
563.00	0.25990	0.056551	17.683	52.782	57.378	137.70	142.74	151.70	247.76	6.6880	undefined	undefined	vapor
563.00	0.30155	0.065811	15.195	52.754	57.336	136.41	142.81	151.88	247.09	6.7185	undefined	undefined	vapor
563.00	0.34320	0.075128	13.311	52.725	57.293	135.28	142.88	152.07	246.42	6.7494	undefined	undefined	vapor
563.00	0.38485	0.084503	11.834	52.696	57.250	134.28	142.96	152.26	245.75	6.7807	undefined	undefined	vapor
563.00	0.42650	0.093937	10.645	52.667	57.207	133.37	143.03	152.45	245.07	6.8124	undefined	undefined	vapor
563.00	0.46815	0.10343	9.6684	52.637	57.164	132.55	143.11	152.65	244.39	6.8445	undefined	undefined	vapor
563.00	0.50980	0.11298	8.8509	52.608	57.120	131.78	143.19	152.85	243.70	6.8770	undefined	undefined	vapor
563.00	0.55145	0.12260	8.1567	52.578	57.076	131.08	143.27	153.05	243.02	6.9099	undefined	undefined	vapor
563.00	0.59310	0.13228	7.5600	52.548	57.032	130.42	143.34	153.26	242.33	6.9433	undefined	undefined	vapor
563.00	0.63475	0.14202	7.0414	52.518	56.987	129.80	143.43	153.47	241.63	6.9770	undefined	undefined	vapor
563.00	0.67640	0.15182	6.5867	52.487	56.943	129.22	143.51	153.69	240.93	7.0113	undefined	undefined	vapor
563.00	0.71805	0.16169	6.1846	52.457	56.898	128.66	143.59	153.91	240.23	7.0459	undefined	undefined	vapor
563.00	0.75970	0.17163	5.8265	52.426	56.852	128.14	143.67	154.13	239.53	7.0811	undefined	undefined	vapor
563.00	0.80135	0.18163	5.5056	52.395	56.807	127.64	143.76	154.36	238.82	7.1167	undefined	undefined	vapor
563.00	0.84300	0.19171	5.2163	52.364	56.761	127.16	143.85	154.60	238.11	7.1528	undefined	undefined	vapor
563.00	0.88465	0.20185	4.9541	52.332	56.715	126.70	143.93	154.83	237.39	7.1894	undefined	undefined	vapor
563.00	0.92630	0.21207	4.7155	52.300	56.668	126.26	144.02	155.08	236.67	7.2265	undefined	undefined	vapor
563.00	0.96795	0.22235	4.4973	52.268	56.621	125.84	144.11	155.32	235.94	7.2641	undefined	undefined	vapor
563.00	1.0096	0.23271	4.2971	52.236	56.574	125.43	144.20	155.58	235.21	7.3022	undefined	undefined	vapor
563.00	1.0512	0.24315	4.1127	52.203	56.527	125.04	144.30	155.83	234.48	7.3409	undefined	undefined	vapor
563.00	1.0929	0.25366	3.9422	52.170	56.479	124.65	144.39	156.10	233.74	7.3801	undefined	undefined	vapor
563.00	1.1345	0.26425	3.7842	52.137	56.431	124.28	144.48	156.37	233.00	7.4199	undefined	undefined	vapor
563.00	1.1762	0.27492	3.6374	52.104	56.382	123.92	144.58	156.64	232.26	7.4602	undefined	undefined	vapor
563.00	1.2178	0.28567	3.5005	52.070	56.333	123.57	144.68	156.92	231.51	7.5011	undefined	undefined	vapor
563.00	1.2595	0.29651	3.3726	52.036	56.284	123.23	144.78	157.21	230.75	7.5427	undefined	undefined	vapor
563.00	1.3012	0.30742	3.2529	52.002	56.235	122.90	144.88	157.50	229.99	7.5848	undefined	undefined	vapor
563.00	1.3428	0.31842	3.1405	51.968	56.185	122.57	144.98	157.80	229.23	7.6276	undefined	undefined	vapor
563.00	1.3845	0.32951	3.0348	51.933	56.134	122.25	145.08	158.10	228.46	7.6710	undefined	undefined	vapor
563.00	1.4261	0.34069	2.9352	51.898	56.084	121.94	145.19	158.41	227.69	7.7150	undefined	undefined	vapor
563.00	1.4678	0.35196	2.8412	51.862	56.032	121.64	145.30	158.73	226.91	7.7598	undefined	undefined	vapor
563.00	1.5094	0.36332	2.7524	51.827	55.981	121.34	145.40	159.06	226.12	7.8052	undefined	undefined	vapor
563.00	1.5511	0.37478	2.6683	51.790	55.929	121.05	145.51	159.39	225.33	7.8513	undefined	undefined	vapor
563.00	1.5927	0.38633	2.5885	51.754	55.877	120.76	145.62	159.73	224.54	7.8982	undefined	undefined	vapor
563.00	1.6344	0.39798	2.5127	51.717	55.824	120.48	145.74	160.08	223.74	7.9458	undefined	undefined	vapor
563.00	1.6760	0.40973	2.4406	51.680	55.771	120.20	145.85	160.44	222.93	7.9941	undefined	undefined	vapor
563.00	1.7177	0.42158	2.3720	51.643	55.717	119.93	145.97	160.81	222.12	8.0432	undefined	undefined	vapor
563.00	1.7593	0.43354	2.3066	51.605	55.663	119.66	146.09	161.18	221.31	8.0932	undefined	undefined	vapor
563.00	1.8010	0.44561	2.2441	51.567	55.608	119.39	146.21	161.57	220.48	8.1439	undefined	undefined	vapor
563.00	1.8426	0.45779	2.1844	51.528	55.553	119.13	146.33	161.96	219.66	8.1955	undefined	undefined	vapor
563.00	1.8843	0.47007	2.1273	51.489	55.498	118.87	146.45	162.36	218.82	8.2480	undefined	undefined	vapor
563.00	1.9259	0.48248	2.0726	51.450	55.442	118.62	146.58	162.78	217.98	8.3013	undefined	undefined	vapor
563.00	1.9676	0.49500	2.0202	51.410	55.385	118.36	146.71	163.20	217.13	8.3556	undefined	undefined	vapor
563.00	2.0092	0.50764	1.9699	51.370	55.328	118.12	146.84	163.64	216.28	8.4107	undefined	undefined	vapor
563.00	2.0509	0.52041	1.9216	51.330	55.271	117.87	146.97	164.09	215.42	8.4669	undefined	undefined	vapor
563.00	2.0925	0.53330	1.8751	51.289	55.213	117.63	147.10	164.55	214.55	8.5240	undefined	undefined	vapor
563.00	2.1342	0.54633	1.8304	51.247	55.154	117.38	147.24	165.02	213.68	8.5822	undefined	undefined	vapor
563.00	2.1758	0.55948	1.7874	51.206	55.095	117.15	147.38	165.51	212.80	8.6414	undefined	undefined	vapor
563.00	2.2175	0.57277	1.7459	51.163	55.035	116.91	147.52	166.01	211.91	8.7017	undefined	undefined	vapor
563.00	2.2591	0.58621	1.7059	51.120	54.974	116.67	147.66	166.52	211.02	8.7631	undefined	undefined	vapor
563.00	2.3008	0.59979	1.6673	51.077	54.913	116.44	147.81	167.05	210.11	8.8256	undefined	undefined	vapor
563.00	2.3424	0.61351	1.6300	51.033	54.851	116.21	147.95	167.59	209.20	8.8893	undefined	undefined	vapor
563.00	2.3841	0.62739	1.5939	50.989	54.789	115.98	148.10	168.15	208.28	8.9542	undefined	undefined	vapor
563.00	2.4257	0.64142	1.5590	50.944	54.726	115.75	148.26	168.73	207.36	9.0204	undefined	undefined	vapor
563.00	2.4674	0.65562	1.5253	50.899	54.662	115.52	148.41	169.32	206.42	9.0879	undefined	undefined	vapor
563.00	2.5090	0.66998	1.4926	50.853	54.598	115.30	148.57	169.94	205.48	9.1567	undefined	undefined	vapor
563.00	2.5507	0.68451	1.4609	50.806	54.533	115.07	148.73	170.57	204.53	9.2269	undefined	undefined	vapor
563.00	2.5923	0.69922	1.4302	50.759	54.467	114.85	148.90	171.22	203.56	9.2985	undefined	undefined	vapor
563.00	2.6340	0.71411	1.4003	50.712	54.400	114.62	149.06	171.90	202.59	9.3715	undefined	undefined	vapor
563.00	2.6756	0.72919	1.3714	50.663	54.332	114.40	149.23	172.59	201.61	9.4461	undefined	undefined	vapor
563.00	2.7173	0.74446	1.3433	50.614	54.264	114.18	149.41	173.31	200.62	9.5223	undefined	undefined	vapor
563.00	2.7589	0.75992	1.3159	50.565	54.195	113.96	149.58	174.06	199.62	9.6001	undefined	undefined	vapor
563.00	2.8006	0.77560	1.2893	50.514	54.125	113.74	149.76	174.83	198.61	9.6795	undefined	undefined	vapor
563.00	2.8422	0.79149	1.2634	50.463	54.054	113.52	149.95	175.63	197.59	9.7608	undefined	undefined	vapor
563.00	2.8839	0.80760	1.2382	50.411	53.982	113.30	150.13	176.46	196.56	9.8438	undefined	undefined	vapor
563.00	2.9255	0.82394	1.2137	50.359	53.909	113.08	150.32	177.32	195.52	9.9287	undefined	undefined	vapor
563.00	2.9672	0.84051	1.1898	50.305	53.835	112.86	150.52	178.22	194.46	10.015	undefined	undefined	vapor
563.00	3.0088	0.85733	1.1664	50.251	53.761	112.64	150.71	179.14	193.40	10.104	undefined	undefined	vapor
563.00	3.0505	0.87440	1.1436	50.196	53.685	112.42	150.92	180.11	192.32	10.195	undefined	undefined	vapor
563.00	3.0921	0.89174	1.1214	50.140	53.608	112.20	151.12	181.11	191.23	10.288	undefined	undefined	vapor
563.00	3.1338	0.90936	1.0997	50.083	53.529	111.98	151.33	182.16	190.12	10.384	undefined	undefined	vapor
563.00	3.1754	0.92726	1.0784	50.026	53.450	111.75	151.55	183.25	189.00	10.482	undefined	undefined	vapor
563.00	3.2171	0.94546	1.0577	49.967	53.369	111.53	151.77	184.38	187.87	10.582	undefined	undefined	vapor
563.00	3.2587	0.96398	1.0374	49.907	53.288	111.31	151.99	185.57	186.73	10.685	undefined	undefined	vapor
563.00	3.3004	0.98281	1.0175	49.846	53.204	111.08	152.22	186.81	185.57	10.790	undefined	undefined	vapor
563.00	3.3420	1.0020	0.99801	49.784	53.120	110.86	152.45	188.11	184.39	10.898	undefined	undefined	vapor
563.00	3.3837	1.0215	0.97893	49.721	53.033	110.63	152.69	189.47	183.20	11.009	undefined	undefined	vapor
563.00	3.4253	1.0414	0.96022	49.657	52.946	110.41	152.94	190.90	181.99	11.124	undefined	undefined	vapor
563.00	3.4670	1.0617	0.94187	49.591	52.857	110.18	153.19	192.41	180.76	11.241	undefined	undefined	vapor
563.00	3.5086	1.0824	0.92385	49.524	52.766	109.95	153.45	193.98	179.52	11.362	undefined	undefined	vapor
563.00	3.5503	1.1036	0.90615	49.456	52.673	109.71	153.71	195.65	178.25	11.486	undefined	undefined	vapor
563.00	3.5919	1.1252	0.88876	49.386	52.578	109.48	153.98	197.41	176.97	11.614	undefined	undefined	vapor
563.00	3.6336	1.1472	0.87166	49.315	52.482	109.24	154.26	199.26	175.67	11.745	undefined	undefined	vapor
563.00	3.6752	1.1698	0.85484	49.242	52.383	109.01	154.54	201.23	174.35	11.881	undefined	undefined	vapor
563.00	3.7169	1.1929	0.83828	49.167	52.283	108.76	154.83	203.31	173.00	12.021	undefined	undefined	vapor
563.00	3.7585	1.2166	0.82196	49.090	52.180	108.52	155.13	205.53	171.63	12.166	undefined	undefined	vapor
563.00	3.8002	1.2409	0.80586	49.012	52.074	108.27	155.44	207.89	170.24	12.315	undefined	undefined	vapor
563.00	3.8418	1.2658	0.78999	48.931	51.966	108.02	155.76	210.41	168.82	12.469	undefined	undefined	vapor
563.00	3.8835	1.2915	0.77431	48.849	51.856	107.77	156.08	213.11	167.38	12.629	undefined	undefined	vapor
563.00	3.9251	1.3178	0.75882	48.764	51.742	107.51	156.42	216.00	165.90	12.794	undefined	undefined	vapor
563.00	3.9668	1.3450	0.74350	48.676	51.626	107.25	156.77	219.12	164.40	12.965	undefined	undefined	vapor
563.00	4.0084	1.3730	0.72833	48.586	51.506	106.98	157.13	222.48	162.87	13.142	undefined	undefined	vapor
563.00	4.0501	1.4019	0.71330	48.493	51.382	106.71	157.50	226.12	161.30	13.326	undefined	undefined	vapor
563.00	4.0917	1.4319	0.69838	48.397	51.254	106.43	157.88	230.08	159.70	13.517	undefined	undefined	vapor
563.00	4.1334	1.4629	0.68357	48.297	51.123	106.14	158.28	234.40	158.06	13.715	undefined	undefined	vapor
563.00	4.1750	1.4951	0.66883	48.194	50.986	105.85	158.69	239.15	156.38	13.922	undefined	undefined	vapor
563.00	4.2167	1.5287	0.65416	48.087	50.845	105.55	159.12	244.37	154.66	14.137	undefined	undefined	vapor
563.00	4.2583	1.5637	0.63952	47.975	50.699	105.24	159.57	250.16	152.89	14.361	undefined	undefined	vapor
563.00	4.3000	1.6003	0.62490	47.859	50.546	104.92	160.04	256.62	151.07	14.595	undefined	undefined	vapor
563.00	4.3416	1.6387	0.61025	47.737	50.386	104.59	160.52	263.88	149.20	14.840	undefined	undefined	vapor
563.00	4.3833	1.6791	0.59556	47.609	50.219	104.25	161.03	272.09	147.28	15.096	undefined	undefined	vapor
563.00	4.4249	1.7218	0.58077	47.474	50.044	103.90	161.57	281.48	145.28	15.363	undefined	undefined	vapor
563.00	4.4666	1.7672	0.56585	47.331	49.859	103.53	162.14	292.33	143.22	15.644	undefined	undefined	vapor
563.00	4.5082	1.8157	0.55074	47.179	49.662	103.14	162.74	305.02	141.08	15.938	undefined	undefined	vapor
563.00	4.5499	1.8679	0.53537	47.017	49.453	102.72	163.38	320.08	138.86	16.246	undefined	undefined	vapor
563.00	4.5915	1.9244	0.51965	46.842	49.228	102.29	164.06	338.30	136.53	16.569	undefined	undefined	vapor
563.00	4.6332	1.9862	0.50347	46.652	48.985	101.82	164.79	360.84	134.09	16.908	undefined	undefined	vapor
563.00	4.6748	2.0548	0.48667	46.443	48.718	101.31	165.59	389.51	131.53	17.260	undefined	undefined	vapor
563.00	4.7165	2.1321	0.46903	46.210	48.422	100.74	166.46	427.38	128.80	17.626	undefined	undefined	vapor
563.00	4.7581	2.2211	0.45022	45.944	48.087	100.11	167.44	480.00	125.88	17.998	undefined	undefined	vapor
563.00	4.7998	2.3273	0.42969	45.633	47.695	99.387	168.54	558.64	122.72	18.365	undefined	undefined	vapor
563.00	4.8414	2.4605	0.40643	45.250	47.218	98.508	169.84	690.53	119.22	18.696	undefined	undefined	vapor
563.00	4.8830	2.6443	0.37818	44.739	46.585	97.355	171.44	962.67	115.21	18.903	undefined	undefined	vapor
563.00	4.9247	2.9626	0.33755	43.900	45.562	95.512	173.62	1882.0	110.22	18.621	undefined	undefined	vapor
563.00	4.9247	2.9626	0.33755	43.900	45.562	95.512	173.62	1882.0	110.22	18.621	undefined	undefined	supercritical
563.00	4.9247	2.9626	0.33755	43.900	45.562	95.512	173.62	1882.0	110.22	18.621	undefined	undefined	supercritical
563.00	4.9663	4.1953	0.23836	41.222	42.406	89.883	174.20	6232.3	104.35	14.449	undefined	undefined	supercritical
563.00	5.0080	4.8588	0.20581	40.045	41.076	87.504	170.03	1257.9	116.53	10.531	undefined	undefined	supercritical
563.00	5.0496	5.0700	0.19724	39.683	40.679	86.786	168.30	804.56	126.41	8.8360	undefined	undefined	supercritical
563.00	5.0913	5.2030	0.19220	39.455	40.434	86.335	167.14	638.66	134.59	7.7569	undefined	undefined	supercritical
563.00	5.1329	5.3021	0.18860	39.285	40.253	86.000	166.25	550.78	141.73	6.9791	undefined	undefined	supercritical
563.00	5.1746	5.3819	0.18581	39.146	40.108	85.728	165.52	495.61	148.13	6.3804	undefined	undefined	supercritical
563.00	5.2162	5.4492	0.18351	39.029	39.986	85.499	164.90	457.38	153.98	5.8997	undefined	undefined	supercritical
563.00	5.2579	5.5076	0.18157	38.927	39.881	85.299	164.36	429.12	159.39	5.5021	undefined	undefined	supercritical
563.00	5.2995	5.5594	0.17988	38.835	39.789	85.121	163.88	407.27	164.45	5.1660	undefined	undefined	supercritical
563.00	5.3412	5.6060	0.17838	38.753	39.705	84.960	163.45	389.79	169.21	4.8768	undefined	undefined	supercritical
563.00	5.3828	5.6485	0.17704	38.677	39.630	84.812	163.06	375.44	173.72	4.6246	undefined	undefined	supercritical
563.00	5.4245	5.6876	0.17582	38.607	39.560	84.676	162.69	363.41	178.01	4.4021	undefined	undefined	supercritical
563.00	5.4661	5.7238	0.17471	38.541	39.496	84.549	162.36	353.16	182.11	4.2039	undefined	undefined	supercritical
563.00	5.5078	5.7577	0.17368	38.480	39.436	84.430	162.04	344.30	186.03	4.0258	undefined	undefined	supercritical
563.00	5.5494	5.7894	0.17273	38.422	39.380	84.318	161.75	336.54	189.81	3.8648	undefined	undefined	supercritical
563.00	5.5911	5.8193	0.17184	38.367	39.328	84.212	161.47	329.69	193.45	3.7183	undefined	undefined	supercritical
563.00	5.6327	5.8477	0.17101	38.315	39.278	84.111	161.21	323.59	196.96	3.5842	undefined	undefined	supercritical
563.00	5.6744	5.8746	0.17023	38.265	39.231	84.015	160.96	318.11	200.36	3.4609	undefined	undefined	supercritical
563.00	5.7160	5.9002	0.16949	38.218	39.186	83.923	160.73	313.15	203.65	3.3471	undefined	undefined	supercritical
563.00	5.7577	5.9247	0.16878	38.172	39.144	83.834	160.50	308.64	206.85	3.2415	undefined	undefined	supercritical
563.00	5.7993	5.9482	0.16812	38.128	39.103	83.749	160.29	304.52	209.96	3.1433	undefined	undefined	supercritical
563.00	5.8410	5.9707	0.16748	38.086	39.064	83.668	160.08	300.74	212.98	3.0517	undefined	undefined	supercritical
563.00	5.8826	5.9924	0.16688	38.045	39.027	83.589	159.89	297.24	215.93	2.9660	undefined	undefined	supercritical
563.00	5.9243	6.0132	0.16630	38.005	38.991	83.512	159.70	294.01	218.81	2.8855	undefined	undefined	supercritical
563.00	5.9659	6.0334	0.16574	37.967	38.956	83.439	159.52	291.01	221.62	2.8097	undefined	undefined	supercritical
563.00	6.0076	6.0529	0.16521	37.930	38.922	83.367	159.34	288.20	224.37	2.7383	undefined	undefined	supercritical
563.00	6.0492	6.0717	0.16470	37.894	38.890	83.297	159.17	285.58	227.05	2.6708	undefined	undefined	supercritical
563.00	6.0909	6.0900	0.16420	37.859	38.859	83.230	159.01	283.13	229.69	2.6069	undefined	undefined	supercritical
563.00	6.1325	6.1077	0.16373	37.825	38.829	83.164	158.85	280.82	232.26	2.5463	undefined	undefined	supercritical
563.00	6.1742	6.1250	0.16327	37.791	38.799	83.100	158.70	278.64	234.79	2.4887	undefined	undefined	supercritical
563.00	6.2158	6.1417	0.16282	37.759	38.771	83.037	158.55	276.59	237.27	2.4339	undefined	undefined	supercritical
563.00	6.2575	6.1580	0.16239	37.727	38.743	82.976	158.41	274.64	239.70	2.3817	undefined	undefined	supercritical
563.00	6.2991	6.1739	0.16197	37.696	38.716	82.916	158.27	272.80	242.09	2.3318	undefined	undefined	supercritical
563.00	6.3408	6.1894	0.16157	37.666	38.690	82.858	158.13	271.05	244.44	2.2842	undefined	undefined	supercritical
563.00	6.3824	6.2045	0.16117	37.636	38.665	82.801	158.00	269.38	246.74	2.2385	undefined	undefined	supercritical
563.00	6.4241	6.2193	0.16079	37.607	38.640	82.745	157.87	267.79	249.01	2.1948	undefined	undefined	supercritical
563.00	6.4657	6.2337	0.16042	37.579	38.616	82.690	157.75	266.28	251.25	2.1529	undefined	undefined	supercritical
563.00	6.5074	6.2478	0.16006	37.551	38.592	82.636	157.63	264.83	253.45	2.1127	undefined	undefined	supercritical
563.00	6.5490	6.2616	0.15970	37.523	38.569	82.583	157.51	263.45	255.61	2.0740	undefined	undefined	supercritical
563.00	6.5907	6.2751	0.15936	37.496	38.547	82.532	157.39	262.12	257.75	2.0368	undefined	undefined	supercritical
563.00	6.6323	6.2883	0.15902	37.470	38.525	82.481	157.28	260.85	259.85	2.0009	undefined	undefined	supercritical
563.00	6.6740	6.3013	0.15870	37.444	38.503	82.431	157.17	259.63	261.92	1.9664	undefined	undefined	supercritical
563.00	6.7156	6.3140	0.15838	37.419	38.482	82.382	157.06	258.46	263.96	1.9330	undefined	undefined	supercritical
563.00	6.7573	6.3265	0.15807	37.393	38.462	82.333	156.96	257.33	265.98	1.9009	undefined	undefined	supercritical
563.00	6.7989	6.3387	0.15776	37.369	38.441	82.286	156.85	256.24	267.97	1.8698	undefined	undefined	supercritical
563.00	6.8406	6.3507	0.15746	37.344	38.422	82.239	156.75	255.19	269.93	1.8397	undefined	undefined	supercritical
563.00	6.8822	6.3626	0.15717	37.321	38.402	82.193	156.66	254.18	271.87	1.8106	undefined	undefined	supercritical
563.00	6.9239	6.3742	0.15688	37.297	38.383	82.148	156.56	253.20	273.79	1.7825	undefined	undefined	supercritical
563.00	6.9655	6.3856	0.15660	37.274	38.365	82.103	156.46	252.26	275.68	1.7552	undefined	undefined	supercritical
563.00	7.0072	6.3968	0.15633	37.251	38.346	82.059	156.37	251.35	277.54	1.7288	undefined	undefined	supercritical
563.00	7.0488	6.4078	0.15606	37.228	38.328	82.016	156.28	250.46	279.39	1.7031	undefined	undefined	supercritical
563.00	7.0905	6.4187	0.15580	37.206	38.311	81.973	156.19	249.61	281.22	1.6782	undefined	undefined	supercritical
563.00	7.1321	6.4294	0.15554	37.184	38.294	81.931	156.10	248.78	283.02	1.6540	undefined	undefined	supercritical
563.00	7.1738	6.4399	0.15528	37.163	38.277	81.889	156.02	247.98	284.80	1.6305	undefined	undefined	supercritical
563.00	7.2154	6.4503	0.15503	37.141	38.260	81.848	155.93	247.20	286.57	1.6077	undefined	undefined	supercritical
563.00	7.2571	6.4605	0.15479	37.120	38.243	81.807	155.85	246.44	288.31	1.5855	undefined	undefined	supercritical
563.00	7.2987	6.4706	0.15455	37.099	38.227	81.767	155.77	245.70	290.04	1.5639	undefined	undefined	supercritical
563.00	7.3404	6.4805	0.15431	37.079	38.211	81.728	155.69	244.99	291.75	1.5428	undefined	undefined	supercritical
563.00	7.3820	6.4903	0.15408	37.058	38.196	81.688	155.61	244.29	293.44	1.5223	undefined	undefined	supercritical
563.00	7.4237	6.4999	0.15385	37.038	38.180	81.650	155.53	243.62	295.12	1.5024	undefined	undefined	supercritical
563.00	7.4653	6.5095	0.15362	37.019	38.165	81.612	155.46	242.96	296.78	1.4829	undefined	undefined	supercritical
563.00	7.5070	6.5189	0.15340	36.999	38.150	81.574	155.38	242.31	298.42	1.4639	undefined	undefined	supercritical
563.00	7.5486	6.5281	0.15318	36.979	38.136	81.536	155.31	241.69	300.05	1.4454	undefined	undefined	supercritical
563.00	7.5903	6.5373	0.15297	36.960	38.121	81.499	155.24	241.08	301.66	1.4274	undefined	undefined	supercritical
563.00	7.6319	6.5463	0.15276	36.941	38.107	81.463	155.17	240.49	303.25	1.4097	undefined	undefined	supercritical
563.00	7.6736	6.5553	0.15255	36.923	38.093	81.427	155.10	239.91	304.83	1.3925	undefined	undefined	supercritical
563.00	7.7152	6.5641	0.15234	36.904	38.079	81.391	155.03	239.34	306.40	1.3757	undefined	undefined	supercritical
563.00	7.7569	6.5728	0.15214	36.886	38.066	81.355	154.96	238.79	307.96	1.3592	undefined	undefined	supercritical
563.00	7.7985	6.5814	0.15194	36.867	38.052	81.320	154.89	238.25	309.49	1.3431	undefined	undefined	supercritical
563.00	7.8402	6.5899	0.15175	36.849	38.039	81.286	154.83	237.72	311.02	1.3274	undefined	undefined	supercritical
563.00	7.8818	6.5984	0.15155	36.831	38.026	81.251	154.76	237.20	312.53	1.3120	undefined	undefined	supercritical
563.00	7.9235	6.6067	0.15136	36.814	38.013	81.217	154.70	236.70	314.03	1.2970	undefined	undefined	supercritical
563.00	7.9651	6.6149	0.15117	36.796	38.000	81.183	154.64	236.21	315.52	1.2822	undefined	undefined	supercritical
563.00	8.0068	6.6230	0.15099	36.779	37.988	81.150	154.57	235.72	317.00	1.2678	undefined	undefined	supercritical
563.00	8.0484	6.6311	0.15080	36.762	37.976	81.117	154.51	235.25	318.46	1.2537	undefined	undefined	supercritical
563.00	8.0901	6.6390	0.15062	36.745	37.963	81.084	154.45	234.79	319.91	1.2399	undefined	undefined	supercritical
563.00	8.1317	6.6469	0.15045	36.728	37.951	81.051	154.39	234.33	321.36	1.2263	undefined	undefined	supercritical
563.00	8.1734	6.6547	0.15027	36.711	37.939	81.019	154.34	233.89	322.78	1.2130	undefined	undefined	supercritical
563.00	8.2150	6.6624	0.15010	36.695	37.928	80.987	154.28	233.45	324.20	1.2000	undefined	undefined	supercritical
563.00	8.2567	6.6701	0.14992	36.678	37.916	80.955	154.22	233.03	325.61	1.1872	undefined	undefined	supercritical
563.00	8.2983	6.6776	0.14975	36.662	37.905	80.924	154.16	232.61	327.01	1.1747	undefined	undefined	supercritical
563.00	8.3400	6.6851	0.14959	36.646	37.893	80.893	154.11	232.20	328.39	1.1624	undefined	undefined	supercritical
563.00	8.3816	6.6925	0.14942	36.630	37.882	80.862	154.05	231.80	329.77	1.1503	undefined	undefined	supercritical
563.00	8.4233	6.6999	0.14926	36.614	37.871	80.831	154.00	231.40	331.14	1.1385	undefined	undefined	supercritical
563.00	8.4649	6.7072	0.14909	36.598	37.860	80.801	153.95	231.01	332.49	1.1268	undefined	undefined	supercritical
563.00	8.5066	6.7144	0.14893	36.582	37.849	80.771	153.89	230.63	333.84	1.1154	undefined	undefined	supercritical
563.00	8.5482	6.7215	0.14878	36.567	37.839	80.741	153.84	230.26	335.18	1.1042	undefined	undefined	supercritical
563.00	8.5899	6.7286	0.14862	36.552	37.828	80.711	153.79	229.89	336.51	1.0932	undefined	undefined	supercritical
563.00	8.6315	6.7356	0.14847	36.536	37.818	80.682	153.74	229.53	337.82	1.0824	undefined	undefined	supercritical
563.00	8.6732	6.7425	0.14831	36.521	37.807	80.652	153.69	229.18	339.13	1.0717	undefined	undefined	supercritical
563.00	8.7148	6.7494	0.14816	36.506	37.797	80.623	153.64	228.83	340.44	1.0613	undefined	undefined	supercritical
563.00	8.7565	6.7562	0.14801	36.491	37.787	80.595	153.59	228.49	341.73	1.0510	undefined	undefined	supercritical
563.00	8.7981	6.7630	0.14786	36.476	37.777	80.566	153.54	228.15	343.01	1.0409	undefined	undefined	supercritical
563.00	8.8398	6.7697	0.14772	36.462	37.767	80.538	153.49	227.82	344.29	1.0310	undefined	undefined	supercritical
563.00	8.8814	6.7763	0.14757	36.447	37.758	80.509	153.44	227.49	345.56	1.0212	undefined	undefined	supercritical
563.00	8.9231	6.7829	0.14743	36.433	37.748	80.481	153.40	227.17	346.81	1.0116	undefined	undefined	supercritical
563.00	8.9647	6.7895	0.14729	36.418	37.739	80.453	153.35	226.85	348.07	1.0021	undefined	undefined	supercritical
563.00	9.0064	6.7960	0.14715	36.404	37.729	80.426	153.30	226.54	349.31	0.99283	undefined	undefined	supercritical
563.00	9.0480	6.8024	0.14701	36.390	37.720	80.398	153.26	226.24	350.54	0.98366	undefined	undefined	supercritical
563.00	9.0897	6.8088	0.14687	36.376	37.711	80.371	153.21	225.94	351.77	0.97464	undefined	undefined	supercritical
563.00	9.1313	6.8151	0.14673	36.362	37.702	80.344	153.17	225.64	352.99	0.96576	undefined	undefined	supercritical
563.00	9.1730	6.8214	0.14660	36.348	37.692	80.317	153.13	225.35	354.21	0.95702	undefined	undefined	supercritical
563.00	9.2146	6.8276	0.14646	36.334	37.684	80.291	153.08	225.06	355.41	0.94840	undefined	undefined	supercritical
563.00	9.2563	6.8338	0.14633	36.320	37.675	80.264	153.04	224.78	356.61	0.93992	undefined	undefined	supercritical
563.00	9.2979	6.8399	0.14620	36.307	37.666	80.238	153.00	224.50	357.80	0.93156	undefined	undefined	supercritical
563.00	9.3396	6.8460	0.14607	36.293	37.657	80.211	152.95	224.22	358.99	0.92333	undefined	undefined	supercritical
563.00	9.3812	6.8521	0.14594	36.280	37.649	80.185	152.91	223.95	360.17	0.91522	undefined	undefined	supercritical
563.00	9.4229	6.8581	0.14581	36.266	37.640	80.159	152.87	223.69	361.34	0.90722	undefined	undefined	supercritical
563.00	9.4645	6.8640	0.14569	36.253	37.632	80.134	152.83	223.42	362.50	0.89934	undefined	undefined	supercritical
563.00	9.5062	6.8699	0.14556	36.240	37.623	80.108	152.79	223.16	363.66	0.89157	undefined	undefined	supercritical
563.00	9.5478	6.8758	0.14544	36.227	37.615	80.083	152.75	222.91	364.81	0.88391	undefined	undefined	supercritical
563.00	9.5895	6.8816	0.14531	36.214	37.607	80.058	152.71	222.65	365.96	0.87635	undefined	undefined	supercritical
563.00	9.6311	6.8874	0.14519	36.201	37.599	80.032	152.67	222.41	367.10	0.86890	undefined	undefined	supercritical
563.00	9.6728	6.8931	0.14507	36.188	37.591	80.007	152.63	222.16	368.23	0.86155	undefined	undefined	supercritical
563.00	9.7144	6.8988	0.14495	36.175	37.583	79.983	152.59	221.92	369.36	0.85431	undefined	undefined	supercritical
563.00	9.7561	6.9045	0.14483	36.162	37.575	79.958	152.56	221.68	370.48	0.84716	undefined	undefined	supercritical
563.00	9.7977	6.9101	0.14471	36.150	37.567	79.933	152.52	221.44	371.59	0.84010	undefined	undefined	supercritical
563.00	9.8394	6.9157	0.14460	36.137	37.560	79.909	152.48	221.21	372.70	0.83314	undefined	undefined	supercritical
563.00	9.8810	6.9213	0.14448	36.124	37.552	79.885	152.44	220.98	373.81	0.82627	undefined	undefined	supercritical
563.00	9.9227	6.9268	0.14437	36.112	37.544	79.861	152.41	220.75	374.90	0.81949	undefined	undefined	supercritical
563.00	9.9643	6.9323	0.14425	36.100	37.537	79.837	152.37	220.53	376.00	0.81280	undefined	undefined	supercritical
563.00	10.006	6.9377	0.14414	36.087	37.530	79.813	152.34	220.30	377.08	0.80619	undefined	undefined	supercritical
563.00	10.048	6.9431	0.14403	36.075	37.522	79.789	152.30	220.08	378.16	0.79967	undefined	undefined	supercritical
563.00	10.089	6.9485	0.14392	36.063	37.515	79.765	152.27	219.87	379.24	0.79323	undefined	undefined	supercritical
563.00	10.131	6.9538	0.14381	36.051	37.508	79.742	152.23	219.65	380.31	0.78687	undefined	undefined	supercritical
563.00	10.173	6.9591	0.14370	36.039	37.500	79.719	152.20	219.44	381.37	0.78059	undefined	undefined	supercritical
563.00	10.214	6.9644	0.14359	36.027	37.493	79.695	152.16	219.23	382.43	0.77439	undefined	undefined	supercritical
563.00	10.256	6.9696	0.14348	36.015	37.486	79.672	152.13	219.03	383.49	0.76826	undefined	undefined	supercritical
563.00	10.298	6.9748	0.14337	36.003	37.479	79.649	152.09	218.82	384.54	0.76221	undefined	undefined	supercritical
563.00	10.339	6.9800	0.14327	35.991	37.472	79.626	152.06	218.62	385.58	0.75623	undefined	undefined	supercritical
563.00	10.381	6.9851	0.14316	35.979	37.466	79.604	152.03	218.42	386.62	0.75032	undefined	undefined	supercritical
563.00	10.422	6.9903	0.14306	35.968	37.459	79.581	151.99	218.23	387.66	0.74449	undefined	undefined	supercritical
563.00	10.464	6.9953	0.14295	35.956	37.452	79.558	151.96	218.03	388.69	0.73872	undefined	undefined	supercritical
563.00	10.506	7.0004	0.14285	35.945	37.445	79.536	151.93	217.84	389.71	0.73302	undefined	undefined	supercritical
563.00	10.547	7.0054	0.14275	35.933	37.439	79.514	151.90	217.65	390.73	0.72738	undefined	undefined	supercritical
563.00	10.589	7.0104	0.14265	35.922	37.432	79.491	151.87	217.46	391.75	0.72181	undefined	undefined	supercritical
563.00	10.631	7.0154	0.14254	35.910	37.426	79.469	151.83	217.28	392.76	0.71630	undefined	undefined	supercritical
563.00	10.672	7.0203	0.14244	35.899	37.419	79.447	151.80	217.09	393.76	0.71086	undefined	undefined	supercritical
563.00	10.714	7.0252	0.14234	35.888	37.413	79.425	151.77	216.91	394.77	0.70548	undefined	undefined	supercritical
563.00	10.756	7.0301	0.14225	35.877	37.406	79.404	151.74	216.73	395.76	0.70016	undefined	undefined	supercritical
563.00	10.797	7.0349	0.14215	35.865	37.400	79.382	151.71	216.55	396.76	0.69489	undefined	undefined	supercritical
563.00	10.839	7.0397	0.14205	35.854	37.394	79.360	151.68	216.38	397.75	0.68969	undefined	undefined	supercritical
563.00	10.881	7.0445	0.14195	35.843	37.388	79.339	151.65	216.20	398.73	0.68454	undefined	undefined	supercritical
563.00	10.922	7.0493	0.14186	35.832	37.382	79.317	151.62	216.03	399.71	0.67945	undefined	undefined	supercritical
563.00	10.964	7.0540	0.14176	35.821	37.376	79.296	151.59	215.86	400.69	0.67441	undefined	undefined	supercritical
563.00	11.006	7.0588	0.14167	35.810	37.369	79.275	151.56	215.69	401.66	0.66943	undefined	undefined	supercritical
563.00	11.047	7.0635	0.14157	35.799	37.363	79.254	151.53	215.52	402.63	0.66450	undefined	undefined	supercritical
563.00	11.089	7.0681	0.14148	35.789	37.358	79.233	151.51	215.36	403.59	0.65962	undefined	undefined	supercritical
563.00	11.131	7.0728	0.14139	35.778	37.352	79.212	151.48	215.19	404.55	0.65480	undefined	undefined	supercritical
563.00	11.172	7.0774	0.14130	35.767	37.346	79.191	151.45	215.03	405.51	0.65002	undefined	undefined	supercritical
563.00	11.214	7.0820	0.14120	35.757	37.340	79.170	151.42	214.87	406.46	0.64530	undefined	undefined	supercritical
563.00	11.255	7.0865	0.14111	35.746	37.334	79.150	151.39	214.71	407.40	0.64062	undefined	undefined	supercritical
563.00	11.297	7.0911	0.14102	35.735	37.329	79.129	151.37	214.55	408.35	0.63599	undefined	undefined	supercritical
563.00	11.339	7.0956	0.14093	35.725	37.323	79.108	151.34	214.40	409.29	0.63141	undefined	undefined	supercritical
563.00	11.380	7.1001	0.14084	35.714	37.317	79.088	151.31	214.24	410.22	0.62688	undefined	undefined	supercritical
563.00	11.422	7.1046	0.14075	35.704	37.312	79.068	151.28	214.09	411.16	0.62239	undefined	undefined	supercritical
563.00	11.464	7.1090	0.14067	35.694	37.306	79.048	151.26	213.94	412.09	0.61794	undefined	undefined	supercritical
563.00	11.505	7.1135	0.14058	35.683	37.301	79.027	151.23	213.79	413.01	0.61354	undefined	undefined	supercritical
563.00	11.547	7.1179	0.14049	35.673	37.295	79.007	151.21	213.64	413.93	0.60919	undefined	undefined	supercritical
563.00	11.589	7.1223	0.14041	35.663	37.290	78.987	151.18	213.49	414.85	0.60487	undefined	undefined	supercritical
563.00	11.630	7.1266	0.14032	35.653	37.285	78.967	151.15	213.34	415.76	0.60060	undefined	undefined	supercritical
563.00	11.672	7.1310	0.14023	35.642	37.279	78.948	151.13	213.20	416.67	0.59637	undefined	undefined	supercritical
563.00	11.714	7.1353	0.14015	35.632	37.274	78.928	151.10	213.06	417.58	0.59218	undefined	undefined	supercritical
563.00	11.755	7.1396	0.14006	35.622	37.269	78.908	151.08	212.91	418.49	0.58803	undefined	undefined	supercritical
563.00	11.797	7.1439	0.13998	35.612	37.263	78.889	151.05	212.77	419.39	0.58392	undefined	undefined	supercritical
563.00	11.839	7.1481	0.13990	35.602	37.258	78.869	151.03	212.63	420.28	0.57985	undefined	undefined	supercritical
563.00	11.880	7.1524	0.13981	35.592	37.253	78.850	151.00	212.49	421.18	0.57582	undefined	undefined	supercritical
563.00	11.922	7.1566	0.13973	35.582	37.248	78.830	150.98	212.36	422.07	0.57182	undefined	undefined	supercritical
563.00	11.964	7.1608	0.13965	35.572	37.243	78.811	150.95	212.22	422.95	0.56787	undefined	undefined	supercritical
563.00	12.005	7.1650	0.13957	35.563	37.238	78.792	150.93	212.09	423.84	0.56394	undefined	undefined	supercritical
563.00	12.047	7.1691	0.13949	35.553	37.233	78.773	150.90	211.95	424.72	0.56006	undefined	undefined	supercritical
563.00	12.088	7.1733	0.13941	35.543	37.228	78.754	150.88	211.82	425.59	0.55621	undefined	undefined	supercritical
563.00	12.130	7.1774	0.13933	35.533	37.223	78.735	150.86	211.69	426.47	0.55240	undefined	undefined	supercritical
563.00	12.172	7.1815	0.13925	35.524	37.218	78.716	150.83	211.56	427.34	0.54862	undefined	undefined	supercritical
563.00	12.213	7.1856	0.13917	35.514	37.214	78.697	150.81	211.43	428.21	0.54487	undefined	undefined	supercritical
563.00	12.255	7.1897	0.13909	35.504	37.209	78.678	150.79	211.30	429.07	0.54116	undefined	undefined	supercritical
563.00	12.297	7.1937	0.13901	35.495	37.204	78.659	150.76	211.17	429.93	0.53748	undefined	undefined	supercritical
563.00	12.338	7.1977	0.13893	35.485	37.199	78.641	150.74	211.05	430.79	0.53383	undefined	undefined	supercritical
563.00	12.380	7.2017	0.13886	35.476	37.195	78.622	150.72	210.92	431.65	0.53022	undefined	undefined	supercritical
563.00	12.422	7.2057	0.13878	35.466	37.190	78.604	150.70	210.80	432.50	0.52664	undefined	undefined	supercritical
563.00	12.463	7.2097	0.13870	35.457	37.185	78.585	150.67	210.68	433.35	0.52308	undefined	undefined	supercritical
563.00	12.505	7.2137	0.13863	35.447	37.181	78.567	150.65	210.56	434.20	0.51956	undefined	undefined	supercritical
563.00	12.547	7.2176	0.13855	35.438	37.176	78.548	150.63	210.43	435.04	0.51607	undefined	undefined	supercritical
563.00	12.588	7.2216	0.13847	35.429	37.172	78.530	150.61	210.31	435.88	0.51261	undefined	undefined	supercritical
563.00	12.630	7.2255	0.13840	35.419	37.167	78.512	150.59	210.20	436.72	0.50918	undefined	undefined	supercritical
563.00	12.672	7.2294	0.13832	35.410	37.163	78.494	150.56	210.08	437.55	0.50578	undefined	undefined	supercritical
563.00	12.713	7.2332	0.13825	35.401	37.159	78.476	150.54	209.96	438.38	0.50240	undefined	undefined	supercritical
563.00	12.755	7.2371	0.13818	35.392	37.154	78.458	150.52	209.84	439.21	0.49906	undefined	undefined	supercritical
563.00	12.797	7.2409	0.13810	35.383	37.150	78.440	150.50	209.73	440.04	0.49574	undefined	undefined	supercritical
563.00	12.838	7.2448	0.13803	35.373	37.146	78.422	150.48	209.61	440.86	0.49245	undefined	undefined	supercritical
563.00	12.880	7.2486	0.13796	35.364	37.141	78.404	150.46	209.50	441.69	0.48919	undefined	undefined	supercritical
563.00	12.921	7.2524	0.13789	35.355	37.137	78.386	150.44	209.39	442.50	0.48595	undefined	undefined	supercritical
563.00	12.963	7.2562	0.13781	35.346	37.133	78.369	150.42	209.28	443.32	0.48274	undefined	undefined	supercritical
563.00	13.005	7.2599	0.13774	35.337	37.129	78.351	150.40	209.17	444.13	0.47956	undefined	undefined	supercritical
563.00	13.046	7.2637	0.13767	35.328	37.124	78.334	150.37	209.06	444.94	0.47640	undefined	undefined	supercritical
563.00	13.088	7.2674	0.13760	35.319	37.120	78.316	150.35	208.95	445.75	0.47327	undefined	undefined	supercritical
563.00	13.130	7.2712	0.13753	35.310	37.116	78.299	150.33	208.84	446.56	0.47016	undefined	undefined	supercritical
563.00	13.171	7.2749	0.13746	35.302	37.112	78.281	150.31	208.73	447.36	0.46708	undefined	undefined	supercritical
563.00	13.213	7.2786	0.13739	35.293	37.108	78.264	150.29	208.62	448.16	0.46402	undefined	undefined	supercritical
563.00	13.255	7.2822	0.13732	35.284	37.104	78.246	150.27	208.52	448.96	0.46098	undefined	undefined	supercritical
563.00	13.296	7.2859	0.13725	35.275	37.100	78.229	150.26	208.41	449.75	0.45797	undefined	undefined	supercritical
563.00	13.338	7.2895	0.13718	35.266	37.096	78.212	150.24	208.31	450.55	0.45499	undefined	undefined	supercritical
563.00	13.380	7.2932	0.13711	35.258	37.092	78.195	150.22	208.20	451.34	0.45202	undefined	undefined	supercritical
563.00	13.421	7.2968	0.13705	35.249	37.088	78.178	150.20	208.10	452.12	0.44908	undefined	undefined	supercritical
563.00	13.463	7.3004	0.13698	35.240	37.084	78.161	150.18	208.00	452.91	0.44616	undefined	undefined	supercritical
563.00	13.505	7.3040	0.13691	35.232	37.080	78.144	150.16	207.90	453.69	0.44327	undefined	undefined	supercritical
563.00	13.546	7.3076	0.13684	35.223	37.077	78.127	150.14	207.80	454.47	0.44040	undefined	undefined	supercritical
563.00	13.588	7.3111	0.13678	35.214	37.073	78.110	150.12	207.70	455.25	0.43754	undefined	undefined	supercritical
563.00	13.630	7.3147	0.13671	35.206	37.069	78.093	150.10	207.60	456.03	0.43471	undefined	undefined	supercritical
563.00	13.671	7.3182	0.13664	35.197	37.065	78.076	150.08	207.50	456.80	0.43190	undefined	undefined	supercritical
563.00	13.713	7.3218	0.13658	35.189	37.062	78.060	150.07	207.40	457.57	0.42912	undefined	undefined	supercritical
563.00	13.754	7.3253	0.13651	35.180	37.058	78.043	150.05	207.30	458.34	0.42635	undefined	undefined	supercritical
563.00	13.796	7.3288	0.13645	35.172	37.054	78.026	150.03	207.20	459.11	0.42360	undefined	undefined	supercritical
563.00	13.838	7.3323	0.13638	35.163	37.051	78.010	150.01	207.11	459.87	0.42088	undefined	undefined	supercritical
563.00	13.879	7.3357	0.13632	35.155	37.047	77.993	149.99	207.01	460.63	0.41817	undefined	undefined	supercritical
563.00	13.921	7.3392	0.13625	35.147	37.043	77.977	149.98	206.92	461.39	0.41548	undefined	undefined	supercritical
563.00	13.963	7.3427	0.13619	35.138	37.040	77.961	149.96	206.82	462.15	0.41282	undefined	undefined	supercritical
563.00	14.004	7.3461	0.13613	35.130	37.036	77.944	149.94	206.73	462.91	0.41017	undefined	undefined	supercritical
563.00	14.046	7.3495	0.13606	35.122	37.033	77.928	149.92	206.64	463.66	0.40754	undefined	undefined	supercritical
563.00	14.088	7.3529	0.13600	35.113	37.029	77.912	149.91	206.55	464.41	0.40493	undefined	undefined	supercritical
563.00	14.129	7.3563	0.13594	35.105	37.026	77.895	149.89	206.45	465.16	0.40234	undefined	undefined	supercritical
563.00	14.171	7.3597	0.13587	35.097	37.022	77.879	149.87	206.36	465.91	0.39976	undefined	undefined	supercritical
563.00	14.213	7.3631	0.13581	35.089	37.019	77.863	149.85	206.27	466.65	0.39721	undefined	undefined	supercritical
563.00	14.254	7.3665	0.13575	35.081	37.016	77.847	149.84	206.18	467.39	0.39467	undefined	undefined	supercritical
563.00	14.296	7.3698	0.13569	35.072	37.012	77.831	149.82	206.09	468.13	0.39215	undefined	undefined	supercritical
563.00	14.338	7.3732	0.13563	35.064	37.009	77.815	149.80	206.00	468.87	0.38965	undefined	undefined	supercritical
563.00	14.379	7.3765	0.13557	35.056	37.005	77.799	149.79	205.92	469.61	0.38717	undefined	undefined	supercritical
563.00	14.421	7.3798	0.13551	35.048	37.002	77.783	149.77	205.83	470.34	0.38470	undefined	undefined	supercritical
563.00	14.463	7.3831	0.13544	35.040	36.999	77.767	149.75	205.74	471.08	0.38225	undefined	undefined	supercritical
563.00	14.504	7.3864	0.13538	35.032	36.996	77.751	149.74	205.65	471.81	0.37982	undefined	undefined	supercritical
563.00	14.546	7.3897	0.13532	35.024	36.992	77.736	149.72	205.57	472.53	0.37741	undefined	undefined	supercritical
563.00	14.587	7.3930	0.13526	35.016	36.989	77.720	149.70	205.48	473.26	0.37501	undefined	undefined	supercritical
563.00	14.629	7.3962	0.13520	35.008	36.986	77.704	149.69	205.40	473.98	0.37262	undefined	undefined	supercritical
563.00	14.671	7.3995	0.13514	35.000	36.983	77.689	149.67	205.31	474.71	0.37025	undefined	undefined	supercritical
563.00	14.712	7.4027	0.13509	34.992	36.980	77.673	149.66	205.23	475.43	0.36790	undefined	undefined	supercritical
563.00	14.754	7.4059	0.13503	34.984	36.976	77.657	149.64	205.15	476.14	0.36557	undefined	undefined	supercritical
563.00	14.796	7.4092	0.13497	34.976	36.973	77.642	149.62	205.06	476.86	0.36325	undefined	undefined	supercritical
563.00	14.837	7.4124	0.13491	34.969	36.970	77.626	149.61	204.98	477.58	0.36094	undefined	undefined	supercritical
563.00	14.879	7.4156	0.13485	34.961	36.967	77.611	149.59	204.90	478.29	0.35865	undefined	undefined	supercritical
563.00	14.921	7.4188	0.13479	34.953	36.964	77.596	149.58	204.82	479.00	0.35638	undefined	undefined	supercritical
563.00	14.962	7.4219	0.13474	34.945	36.961	77.580	149.56	204.74	479.71	0.35412	undefined	undefined	supercritical
563.00	15.004	7.4251	0.13468	34.937	36.958	77.565	149.55	204.66	480.41	0.35188	undefined	undefined	supercritical
563.00	15.046	7.4283	0.13462	34.930	36.955	77.550	149.53	204.58	481.12	0.34965	undefined	undefined	supercritical
563.00	15.087	7.4314	0.13456	34.922	36.952	77.534	149.52	204.50	481.82	0.34743	undefined	undefined	supercritical
563.00	15.129	7.4345	0.13451	34.914	36.949	77.519	149.50	204.42	482.52	0.34523	undefined	undefined	supercritical
563.00	15.171	7.4377	0.13445	34.907	36.946	77.504	149.49	204.34	483.22	0.34304	undefined	undefined	supercritical
563.00	15.212	7.4408	0.13439	34.899	36.943	77.489	149.47	204.26	483.92	0.34087	undefined	undefined	supercritical
563.00	15.254	7.4439	0.13434	34.891	36.940	77.474	149.46	204.18	484.62	0.33871	undefined	undefined	supercritical
563.00	15.296	7.4470	0.13428	34.884	36.938	77.459	149.44	204.11	485.31	0.33657	undefined	undefined	supercritical
563.00	15.337	7.4501	0.13423	34.876	36.935	77.444	149.43	204.03	486.01	0.33443	undefined	undefined	supercritical
563.00	15.379	7.4532	0.13417	34.869	36.932	77.429	149.41	203.95	486.70	0.33232	undefined	undefined	supercritical
563.00	15.420	7.4562	0.13412	34.861	36.929	77.414	149.40	203.88	487.38	0.33021	undefined	undefined	supercritical
563.00	15.462	7.4593	0.13406	34.853	36.926	77.399	149.38	203.80	488.07	0.32812	undefined	undefined	supercritical
563.00	15.504	7.4623	0.13401	34.846	36.924	77.384	149.37	203.73	488.76	0.32604	undefined	undefined	supercritical
563.00	15.545	7.4654	0.13395	34.838	36.921	77.369	149.35	203.65	489.44	0.32397	undefined	undefined	supercritical
563.00	15.587	7.4684	0.13390	34.831	36.918	77.355	149.34	203.58	490.12	0.32192	undefined	undefined	supercritical
563.00	15.629	7.4714	0.13384	34.824	36.915	77.340	149.33	203.50	490.80	0.31988	undefined	undefined	supercritical
563.00	15.670	7.4744	0.13379	34.816	36.913	77.325	149.31	203.43	491.48	0.31785	undefined	undefined	supercritical
563.00	15.712	7.4774	0.13374	34.809	36.910	77.311	149.30	203.36	492.16	0.31584	undefined	undefined	supercritical
563.00	15.754	7.4804	0.13368	34.801	36.907	77.296	149.28	203.28	492.84	0.31383	undefined	undefined	supercritical
563.00	15.795	7.4834	0.13363	34.794	36.905	77.281	149.27	203.21	493.51	0.31184	undefined	undefined	supercritical
563.00	15.837	7.4864	0.13358	34.787	36.902	77.267	149.26	203.14	494.18	0.30986	undefined	undefined	supercritical
563.00	15.879	7.4894	0.13352	34.779	36.899	77.252	149.24	203.07	494.85	0.30789	undefined	undefined	supercritical
563.00	15.920	7.4923	0.13347	34.772	36.897	77.238	149.23	203.00	495.52	0.30594	undefined	undefined	supercritical
563.00	15.962	7.4953	0.13342	34.765	36.894	77.223	149.22	202.93	496.19	0.30400	undefined	undefined	supercritical
563.00	16.004	7.4982	0.13337	34.757	36.892	77.209	149.20	202.86	496.85	0.30206	undefined	undefined	supercritical
563.00	16.045	7.5011	0.13331	34.750	36.889	77.195	149.19	202.79	497.52	0.30014	undefined	undefined	supercritical
563.00	16.087	7.5041	0.13326	34.743	36.887	77.180	149.18	202.72	498.18	0.29823	undefined	undefined	supercritical
563.00	16.129	7.5070	0.13321	34.736	36.884	77.166	149.16	202.65	498.84	0.29633	undefined	undefined	supercritical
563.00	16.170	7.5099	0.13316	34.728	36.882	77.152	149.15	202.58	499.50	0.29445	undefined	undefined	supercritical
563.00	16.212	7.5128	0.13311	34.721	36.879	77.137	149.14	202.51	500.16	0.29257	undefined	undefined	supercritical
563.00	16.253	7.5157	0.13306	34.714	36.877	77.123	149.12	202.44	500.81	0.29071	undefined	undefined	supercritical
563.00	16.295	7.5186	0.13300	34.707	36.874	77.109	149.11	202.38	501.47	0.28885	undefined	undefined	supercritical
563.00	16.337	7.5214	0.13295	34.700	36.872	77.095	149.10	202.31	502.12	0.28701	undefined	undefined	supercritical
563.00	16.378	7.5243	0.13290	34.693	36.869	77.081	149.08	202.24	502.77	0.28518	undefined	undefined	supercritical
563.00	16.420	7.5272	0.13285	34.686	36.867	77.067	149.07	202.18	503.42	0.28335	undefined	undefined	supercritical
563.00	16.462	7.5300	0.13280	34.678	36.865	77.053	149.06	202.11	504.07	0.28154	undefined	undefined	supercritical
563.00	16.503	7.5328	0.13275	34.671	36.862	77.039	149.05	202.04	504.72	0.27974	undefined	undefined	supercritical
563.00	16.545	7.5357	0.13270	34.664	36.860	77.025	149.03	201.98	505.37	0.27795	undefined	undefined	supercritical
563.00	16.587	7.5385	0.13265	34.657	36.858	77.011	149.02	201.91	506.01	0.27617	undefined	undefined	supercritical
563.00	16.628	7.5413	0.13260	34.650	36.855	76.997	149.01	201.85	506.65	0.27440	undefined	undefined	supercritical
563.00	16.670	7.5441	0.13255	34.643	36.853	76.983	149.00	201.78	507.29	0.27264	undefined	undefined	supercritical
563.00	16.712	7.5469	0.13250	34.636	36.851	76.969	148.98	201.72	507.93	0.27088	undefined	undefined	supercritical
563.00	16.753	7.5497	0.13246	34.629	36.848	76.955	148.97	201.66	508.57	0.26914	undefined	undefined	supercritical
563.00	16.795	7.5525	0.13241	34.622	36.846	76.941	148.96	201.59	509.21	0.26741	undefined	undefined	supercritical
563.00	16.837	7.5553	0.13236	34.615	36.844	76.928	148.95	201.53	509.84	0.26569	undefined	undefined	supercritical
563.00	16.878	7.5581	0.13231	34.609	36.842	76.914	148.94	201.47	510.48	0.26398	undefined	undefined	supercritical
563.00	16.920	7.5608	0.13226	34.602	36.839	76.900	148.92	201.40	511.11	0.26227	undefined	undefined	supercritical
563.00	16.962	7.5636	0.13221	34.595	36.837	76.886	148.91	201.34	511.74	0.26058	undefined	undefined	supercritical
563.00	17.003	7.5663	0.13216	34.588	36.835	76.873	148.90	201.28	512.37	0.25889	undefined	undefined	supercritical
563.00	17.045	7.5691	0.13212	34.581	36.833	76.859	148.89	201.22	513.00	0.25722	undefined	undefined	supercritical
563.00	17.086	7.5718	0.13207	34.574	36.831	76.846	148.88	201.16	513.63	0.25555	undefined	undefined	supercritical
563.00	17.128	7.5745	0.13202	34.567	36.829	76.832	148.86	201.09	514.25	0.25389	undefined	undefined	supercritical
563.00	17.170	7.5773	0.13197	34.561	36.827	76.818	148.85	201.03	514.88	0.25225	undefined	undefined	supercritical
563.00	17.211	7.5800	0.13193	34.554	36.824	76.805	148.84	200.97	515.50	0.25061	undefined	undefined	supercritical
563.00	17.253	7.5827	0.13188	34.547	36.822	76.791	148.83	200.91	516.12	0.24898	undefined	undefined	supercritical
563.00	17.295	7.5854	0.13183	34.540	36.820	76.778	148.82	200.85	516.74	0.24735	undefined	undefined	supercritical
563.00	17.336	7.5881	0.13179	34.534	36.818	76.765	148.81	200.79	517.36	0.24574	undefined	undefined	supercritical
563.00	17.378	7.5908	0.13174	34.527	36.816	76.751	148.80	200.73	517.98	0.24414	undefined	undefined	supercritical
563.00	17.420	7.5934	0.13169	34.520	36.814	76.738	148.78	200.67	518.60	0.24254	undefined	undefined	supercritical
563.00	17.461	7.5961	0.13165	34.513	36.812	76.725	148.77	200.62	519.21	0.24095	undefined	undefined	supercritical
563.00	17.503	7.5988	0.13160	34.507	36.810	76.711	148.76	200.56	519.83	0.23937	undefined	undefined	supercritical
563.00	17.545	7.6014	0.13155	34.500	36.808	76.698	148.75	200.50	520.44	0.23780	undefined	undefined	supercritical
563.00	17.586	7.6041	0.13151	34.493	36.806	76.685	148.74	200.44	521.05	0.23624	undefined	undefined	supercritical
563.00	17.628	7.6067	0.13146	34.487	36.804	76.672	148.73	200.38	521.66	0.23468	undefined	undefined	supercritical
563.00	17.670	7.6094	0.13142	34.480	36.802	76.658	148.72	200.33	522.27	0.23314	undefined	undefined	supercritical
563.00	17.711	7.6120	0.13137	34.474	36.800	76.645	148.71	200.27	522.88	0.23160	undefined	undefined	supercritical
563.00	17.753	7.6146	0.13133	34.467	36.798	76.632	148.70	200.21	523.48	0.23007	undefined	undefined	supercritical
563.00	17.795	7.6172	0.13128	34.460	36.796	76.619	148.68	200.15	524.09	0.22854	undefined	undefined	supercritical
563.00	17.836	7.6198	0.13124	34.454	36.795	76.606	148.67	200.10	524.69	0.22703	undefined	undefined	supercritical
563.00	17.878	7.6224	0.13119	34.447	36.793	76.593	148.66	200.04	525.29	0.22552	undefined	undefined	supercritical
563.00	17.919	7.6250	0.13115	34.441	36.791	76.580	148.65	199.99	525.89	0.22402	undefined	undefined	supercritical
563.00	17.961	7.6276	0.13110	34.434	36.789	76.567	148.64	199.93	526.49	0.22253	undefined	undefined	supercritical
563.00	18.003	7.6302	0.13106	34.428	36.787	76.554	148.63	199.88	527.09	0.22104	undefined	undefined	supercritical
563.00	18.044	7.6328	0.13101	34.421	36.785	76.541	148.62	199.82	527.69	0.21956	undefined	undefined	supercritical
563.00	18.086	7.6354	0.13097	34.415	36.783	76.528	148.61	199.77	528.29	0.21810	undefined	undefined	supercritical
563.00	18.128	7.6379	0.13093	34.408	36.782	76.515	148.60	199.71	528.88	0.21663	undefined	undefined	supercritical
563.00	18.169	7.6405	0.13088	34.402	36.780	76.502	148.59	199.66	529.47	0.21518	undefined	undefined	supercritical
563.00	18.211	7.6430	0.13084	34.395	36.778	76.489	148.58	199.60	530.07	0.21373	undefined	undefined	supercritical
563.00	18.253	7.6456	0.13079	34.389	36.776	76.476	148.57	199.55	530.66	0.21229	undefined	undefined	supercritical
563.00	18.294	7.6481	0.13075	34.382	36.775	76.464	148.56	199.49	531.25	0.21086	undefined	undefined	supercritical
563.00	18.336	7.6507	0.13071	34.376	36.773	76.451	148.55	199.44	531.84	0.20943	undefined	undefined	supercritical
563.00	18.378	7.6532	0.13066	34.370	36.771	76.438	148.54	199.39	532.43	0.20801	undefined	undefined	supercritical
563.00	18.419	7.6557	0.13062	34.363	36.769	76.425	148.53	199.33	533.01	0.20660	undefined	undefined	supercritical
563.00	18.461	7.6582	0.13058	34.357	36.768	76.413	148.52	199.28	533.60	0.20519	undefined	undefined	supercritical
563.00	18.503	7.6607	0.13054	34.351	36.766	76.400	148.51	199.23	534.18	0.20379	undefined	undefined	supercritical
563.00	18.544	7.6632	0.13049	34.344	36.764	76.387	148.50	199.18	534.77	0.20240	undefined	undefined	supercritical
563.00	18.586	7.6657	0.13045	34.338	36.763	76.375	148.49	199.13	535.35	0.20102	undefined	undefined	supercritical
563.00	18.628	7.6682	0.13041	34.332	36.761	76.362	148.48	199.07	535.93	0.19964	undefined	undefined	supercritical
563.00	18.669	7.6707	0.13037	34.325	36.759	76.350	148.47	199.02	536.51	0.19827	undefined	undefined	supercritical
563.00	18.711	7.6732	0.13032	34.319	36.758	76.337	148.46	198.97	537.09	0.19690	undefined	undefined	supercritical
563.00	18.752	7.6757	0.13028	34.313	36.756	76.325	148.45	198.92	537.66	0.19554	undefined	undefined	supercritical
563.00	18.794	7.6781	0.13024	34.307	36.754	76.312	148.44	198.87	538.24	0.19419	undefined	undefined	supercritical
563.00	18.836	7.6806	0.13020	34.300	36.753	76.300	148.43	198.82	538.82	0.19284	undefined	undefined	supercritical
563.00	18.877	7.6831	0.13016	34.294	36.751	76.287	148.42	198.77	539.39	0.19150	undefined	undefined	supercritical
563.00	18.919	7.6855	0.13011	34.288	36.750	76.275	148.41	198.72	539.96	0.19017	undefined	undefined	supercritical
563.00	18.961	7.6880	0.13007	34.282	36.748	76.262	148.40	198.67	540.54	0.18884	undefined	undefined	supercritical
563.00	19.002	7.6904	0.13003	34.276	36.746	76.250	148.39	198.62	541.11	0.18752	undefined	undefined	supercritical
563.00	19.044	7.6928	0.12999	34.269	36.745	76.237	148.38	198.57	541.68	0.18621	undefined	undefined	supercritical
563.00	19.086	7.6953	0.12995	34.263	36.743	76.225	148.37	198.52	542.25	0.18490	undefined	undefined	supercritical
563.00	19.127	7.6977	0.12991	34.257	36.742	76.213	148.36	198.47	542.81	0.18360	undefined	undefined	supercritical
563.00	19.169	7.7001	0.12987	34.251	36.740	76.201	148.35	198.42	543.38	0.18230	undefined	undefined	supercritical
563.00	19.211	7.7025	0.12983	34.245	36.739	76.188	148.34	198.37	543.95	0.18101	undefined	undefined	supercritical
563.00	19.252	7.7049	0.12979	34.239	36.737	76.176	148.34	198.32	544.51	0.17973	undefined	undefined	supercritical
563.00	19.294	7.7073	0.12975	34.233	36.736	76.164	148.33	198.27	545.07	0.17845	undefined	undefined	supercritical
563.00	19.336	7.7097	0.12971	34.226	36.734	76.152	148.32	198.22	545.64	0.17718	undefined	undefined	supercritical
563.00	19.377	7.7121	0.12967	34.220	36.733	76.139	148.31	198.18	546.20	0.17591	undefined	undefined	supercritical
563.00	19.419	7.7145	0.12963	34.214	36.731	76.127	148.30	198.13	546.76	0.17465	undefined	undefined	supercritical
563.00	19.461	7.7169	0.12959	34.208	36.730	76.115	148.29	198.08	547.32	0.17340	undefined	undefined	supercritical
563.00	19.502	7.7193	0.12955	34.202	36.729	76.103	148.28	198.03	547.87	0.17215	undefined	undefined	supercritical
563.00	19.544	7.7216	0.12951	34.196	36.727	76.091	148.27	197.99	548.43	0.17090	undefined	undefined	supercritical
563.00	19.586	7.7240	0.12947	34.190	36.726	76.079	148.26	197.94	548.99	0.16967	undefined	undefined	supercritical
563.00	19.627	7.7263	0.12943	34.184	36.724	76.067	148.25	197.89	549.54	0.16843	undefined	undefined	supercritical
563.00	19.669	7.7287	0.12939	34.178	36.723	76.055	148.25	197.85	550.10	0.16721	undefined	undefined	supercritical
563.00	19.710	7.7311	0.12935	34.172	36.722	76.043	148.24	197.80	550.65	0.16599	undefined	undefined	supercritical
563.00	19.752	7.7334	0.12931	34.166	36.720	76.031	148.23	197.75	551.20	0.16477	undefined	undefined	supercritical
563.00	19.794	7.7357	0.12927	34.160	36.719	76.019	148.22	197.71	551.75	0.16356	undefined	undefined	supercritical
563.00	19.835	7.7381	0.12923	34.154	36.718	76.007	148.21	197.66	552.30	0.16235	undefined	undefined	supercritical
563.00	19.877	7.7404	0.12919	34.148	36.716	75.995	148.20	197.61	552.85	0.16116	undefined	undefined	supercritical
563.00	19.919	7.7427	0.12915	34.142	36.715	75.983	148.19	197.57	553.40	0.15996	undefined	undefined	supercritical
563.00	19.960	7.7450	0.12911	34.136	36.714	75.971	148.19	197.52	553.95	0.15877	undefined	undefined	supercritical
563.00	20.002	7.7474	0.12908	34.131	36.712	75.959	148.18	197.48	554.50	0.15759	undefined	undefined	supercritical
563.00	20.044	7.7497	0.12904	34.125	36.711	75.947	148.17	197.43	555.04	0.15641	undefined	undefined	supercritical
563.00	20.085	7.7520	0.12900	34.119	36.710	75.936	148.16	197.39	555.59	0.15524	undefined	undefined	supercritical
563.00	20.127	7.7543	0.12896	34.113	36.708	75.924	148.15	197.34	556.13	0.15407	undefined	undefined	supercritical
563.00	20.169	7.7566	0.12892	34.107	36.707	75.912	148.14	197.30	556.67	0.15290	undefined	undefined	supercritical
563.00	20.210	7.7588	0.12889	34.101	36.706	75.900	148.13	197.25	557.21	0.15175	undefined	undefined	supercritical
563.00	20.252	7.7611	0.12885	34.095	36.705	75.889	148.13	197.21	557.75	0.15059	undefined	undefined	supercritical
563.00	20.294	7.7634	0.12881	34.090	36.704	75.877	148.12	197.17	558.29	0.14945	undefined	undefined	supercritical
563.00	20.335	7.7657	0.12877	34.084	36.702	75.865	148.11	197.12	558.83	0.14830	undefined	undefined	supercritical
563.00	20.377	7.7680	0.12873	34.078	36.701	75.853	148.10	197.08	559.37	0.14716	undefined	undefined	supercritical
563.00	20.419	7.7702	0.12870	34.072	36.700	75.842	148.09	197.03	559.91	0.14603	undefined	undefined	supercritical
563.00	20.460	7.7725	0.12866	34.066	36.699	75.830	148.09	196.99	560.44	0.14490	undefined	undefined	supercritical
563.00	20.502	7.7747	0.12862	34.061	36.697	75.819	148.08	196.95	560.98	0.14378	undefined	undefined	supercritical
563.00	20.543	7.7770	0.12858	34.055	36.696	75.807	148.07	196.90	561.51	0.14266	undefined	undefined	supercritical
563.00	20.585	7.7792	0.12855	34.049	36.695	75.795	148.06	196.86	562.04	0.14154	undefined	undefined	supercritical
563.00	20.627	7.7815	0.12851	34.043	36.694	75.784	148.05	196.82	562.58	0.14044	undefined	undefined	supercritical
563.00	20.668	7.7837	0.12847	34.038	36.693	75.772	148.05	196.78	563.11	0.13933	undefined	undefined	supercritical
563.00	20.710	7.7860	0.12844	34.032	36.692	75.761	148.04	196.73	563.64	0.13823	undefined	undefined	supercritical
563.00	20.752	7.7882	0.12840	34.026	36.691	75.749	148.03	196.69	564.17	0.13713	undefined	undefined	supercritical
563.00	20.793	7.7904	0.12836	34.020	36.689	75.738	148.02	196.65	564.70	0.13604	undefined	undefined	supercritical
563.00	20.835	7.7926	0.12833	34.015	36.688	75.726	148.01	196.61	565.22	0.13496	undefined	undefined	supercritical
563.00	20.877	7.7948	0.12829	34.009	36.687	75.715	148.01	196.57	565.75	0.13388	undefined	undefined	supercritical
563.00	20.918	7.7970	0.12825	34.003	36.686	75.703	148.00	196.52	566.28	0.13280	undefined	undefined	supercritical
563.00	20.960	7.7993	0.12822	33.998	36.685	75.692	147.99	196.48	566.80	0.13172	undefined	undefined	supercritical
563.00	21.002	7.8015	0.12818	33.992	36.684	75.681	147.98	196.44	567.33	0.13066	undefined	undefined	supercritical
563.00	21.043	7.8037	0.12815	33.986	36.683	75.669	147.98	196.40	567.85	0.12959	undefined	undefined	supercritical
563.00	21.085	7.8058	0.12811	33.981	36.682	75.658	147.97	196.36	568.37	0.12853	undefined	undefined	supercritical
563.00	21.127	7.8080	0.12807	33.975	36.681	75.647	147.96	196.32	568.89	0.12748	undefined	undefined	supercritical
563.00	21.168	7.8102	0.12804	33.969	36.680	75.635	147.95	196.28	569.41	0.12643	undefined	undefined	supercritical
563.00	21.210	7.8124	0.12800	33.964	36.679	75.624	147.95	196.24	569.93	0.12538	undefined	undefined	supercritical
563.00	21.252	7.8146	0.12797	33.958	36.678	75.613	147.94	196.20	570.45	0.12434	undefined	undefined	supercritical
563.00	21.293	7.8167	0.12793	33.953	36.677	75.601	147.93	196.16	570.97	0.12330	undefined	undefined	supercritical
563.00	21.335	7.8189	0.12790	33.947	36.676	75.590	147.92	196.12	571.49	0.12226	undefined	undefined	supercritical
563.00	21.376	7.8211	0.12786	33.942	36.675	75.579	147.92	196.08	572.00	0.12123	undefined	undefined	supercritical
563.00	21.418	7.8232	0.12782	33.936	36.674	75.568	147.91	196.04	572.52	0.12021	undefined	undefined	supercritical
563.00	21.460	7.8254	0.12779	33.930	36.673	75.556	147.90	196.00	573.03	0.11919	undefined	undefined	supercritical
563.00	21.501	7.8275	0.12775	33.925	36.672	75.545	147.89	195.96	573.55	0.11817	undefined	undefined	supercritical
563.00	21.543	7.8297	0.12772	33.919	36.671	75.534	147.89	195.92	574.06	0.11716	undefined	undefined	supercritical
563.00	21.585	7.8318	0.12768	33.914	36.670	75.523	147.88	195.88	574.57	0.11615	undefined	undefined	supercritical
563.00	21.626	7.8340	0.12765	33.908	36.669	75.512	147.87	195.84	575.08	0.11514	undefined	undefined	supercritical
563.00	21.668	7.8361	0.12761	33.903	36.668	75.501	147.86	195.80	575.59	0.11414	undefined	undefined	supercritical
563.00	21.710	7.8382	0.12758	33.897	36.667	75.490	147.86	195.76	576.10	0.11314	undefined	undefined	supercritical
563.00	21.751	7.8403	0.12755	33.892	36.666	75.479	147.85	195.72	576.61	0.11215	undefined	undefined	supercritical
563.00	21.793	7.8425	0.12751	33.886	36.665	75.468	147.84	195.68	577.12	0.11116	undefined	undefined	supercritical
563.00	21.835	7.8446	0.12748	33.881	36.664	75.457	147.84	195.64	577.63	0.11017	undefined	undefined	supercritical
563.00	21.876	7.8467	0.12744	33.876	36.663	75.446	147.83	195.61	578.14	0.10919	undefined	undefined	supercritical
563.00	21.918	7.8488	0.12741	33.870	36.663	75.435	147.82	195.57	578.64	0.10821	undefined	undefined	supercritical
563.00	21.960	7.8509	0.12737	33.865	36.662	75.424	147.82	195.53	579.15	0.10724	undefined	undefined	supercritical
563.00	22.001	7.8530	0.12734	33.859	36.661	75.413	147.81	195.49	579.65	0.10627	undefined	undefined	supercritical
563.00	22.043	7.8551	0.12731	33.854	36.660	75.402	147.80	195.45	580.15	0.10530	undefined	undefined	supercritical
563.00	22.085	7.8572	0.12727	33.848	36.659	75.391	147.79	195.42	580.66	0.10434	undefined	undefined	supercritical
563.00	22.126	7.8593	0.12724	33.843	36.658	75.380	147.79	195.38	581.16	0.10338	undefined	undefined	supercritical
563.00	22.168	7.8614	0.12720	33.838	36.657	75.369	147.78	195.34	581.66	0.10243	undefined	undefined	supercritical
563.00	22.209	7.8635	0.12717	33.832	36.657	75.358	147.77	195.30	582.16	0.10147	undefined	undefined	supercritical
563.00	22.251	7.8655	0.12714	33.827	36.656	75.347	147.77	195.27	582.66	0.10053	undefined	undefined	supercritical
563.00	22.293	7.8676	0.12710	33.821	36.655	75.336	147.76	195.23	583.16	0.099583	undefined	undefined	supercritical
563.00	22.334	7.8697	0.12707	33.816	36.654	75.325	147.75	195.19	583.65	0.098642	undefined	undefined	supercritical
563.00	22.376	7.8717	0.12704	33.811	36.653	75.315	147.75	195.15	584.15	0.097705	undefined	undefined	supercritical
563.00	22.418	7.8738	0.12700	33.805	36.653	75.304	147.74	195.12	584.65	0.096771	undefined	undefined	supercritical
563.00	22.459	7.8759	0.12697	33.800	36.652	75.293	147.73	195.08	585.14	0.095841	undefined	undefined	supercritical
563.00	22.501	7.8779	0.12694	33.795	36.651	75.282	147.73	195.04	585.64	0.094914	undefined	undefined	supercritical
563.00	22.543	7.8800	0.12690	33.790	36.650	75.272	147.72	195.01	586.13	0.093991	undefined	undefined	supercritical
563.00	22.584	7.8820	0.12687	33.784	36.650	75.261	147.71	194.97	586.63	0.093072	undefined	undefined	supercritical
563.00	22.626	7.8841	0.12684	33.779	36.649	75.250	147.71	194.94	587.12	0.092156	undefined	undefined	supercritical
563.00	22.668	7.8861	0.12681	33.774	36.648	75.239	147.70	194.90	587.61	0.091243	undefined	undefined	supercritical
563.00	22.709	7.8881	0.12677	33.768	36.647	75.229	147.69	194.86	588.10	0.090334	undefined	undefined	supercritical
563.00	22.751	7.8902	0.12674	33.763	36.647	75.218	147.69	194.83	588.59	0.089428	undefined	undefined	supercritical
563.00	22.793	7.8922	0.12671	33.758	36.646	75.207	147.68	194.79	589.08	0.088526	undefined	undefined	supercritical
563.00	22.834	7.8942	0.12667	33.753	36.645	75.197	147.68	194.76	589.57	0.087627	undefined	undefined	supercritical
563.00	22.876	7.8962	0.12664	33.747	36.644	75.186	147.67	194.72	590.06	0.086731	undefined	undefined	supercritical
563.00	22.918	7.8983	0.12661	33.742	36.644	75.175	147.66	194.69	590.54	0.085838	undefined	undefined	supercritical
563.00	22.959	7.9003	0.12658	33.737	36.643	75.165	147.66	194.65	591.03	0.084949	undefined	undefined	supercritical
563.00	23.001	7.9023	0.12655	33.732	36.642	75.154	147.65	194.62	591.52	0.084064	undefined	undefined	supercritical
563.00	23.042	7.9043	0.12651	33.726	36.642	75.144	147.64	194.58	592.00	0.083181	undefined	undefined	supercritical
563.00	23.084	7.9063	0.12648	33.721	36.641	75.133	147.64	194.55	592.49	0.082302	undefined	undefined	supercritical
563.00	23.126	7.9083	0.12645	33.716	36.640	75.123	147.63	194.51	592.97	0.081425	undefined	undefined	supercritical
563.00	23.167	7.9103	0.12642	33.711	36.640	75.112	147.63	194.48	593.45	0.080553	undefined	undefined	supercritical
563.00	23.209	7.9123	0.12639	33.706	36.639	75.102	147.62	194.44	593.94	0.079683	undefined	undefined	supercritical
563.00	23.251	7.9143	0.12635	33.701	36.638	75.091	147.61	194.41	594.42	0.078816	undefined	undefined	supercritical
563.00	23.292	7.9163	0.12632	33.695	36.638	75.081	147.61	194.37	594.90	0.077953	undefined	undefined	supercritical
563.00	23.334	7.9182	0.12629	33.690	36.637	75.070	147.60	194.34	595.38	0.077093	undefined	undefined	supercritical
563.00	23.376	7.9202	0.12626	33.685	36.636	75.060	147.59	194.31	595.86	0.076235	undefined	undefined	supercritical
563.00	23.417	7.9222	0.12623	33.680	36.636	75.049	147.59	194.27	596.34	0.075381	undefined	undefined	supercritical
563.00	23.459	7.9242	0.12620	33.675	36.635	75.039	147.58	194.24	596.81	0.074530	undefined	undefined	supercritical
563.00	23.501	7.9261	0.12616	33.670	36.635	75.029	147.58	194.20	597.29	0.073682	undefined	undefined	supercritical
563.00	23.542	7.9281	0.12613	33.665	36.634	75.018	147.57	194.17	597.77	0.072837	undefined	undefined	supercritical
563.00	23.584	7.9301	0.12610	33.659	36.633	75.008	147.56	194.14	598.24	0.071995	undefined	undefined	supercritical
563.00	23.626	7.9320	0.12607	33.654	36.633	74.997	147.56	194.10	598.72	0.071157	undefined	undefined	supercritical
563.00	23.667	7.9340	0.12604	33.649	36.632	74.987	147.55	194.07	599.19	0.070321	undefined	undefined	supercritical
563.00	23.709	7.9359	0.12601	33.644	36.632	74.977	147.55	194.04	599.67	0.069488	undefined	undefined	supercritical
563.00	23.751	7.9379	0.12598	33.639	36.631	74.966	147.54	194.00	600.14	0.068658	undefined	undefined	supercritical
563.00	23.792	7.9398	0.12595	33.634	36.631	74.956	147.54	193.97	600.61	0.067831	undefined	undefined	supercritical
563.00	23.834	7.9418	0.12592	33.629	36.630	74.946	147.53	193.94	601.09	0.067007	undefined	undefined	supercritical
563.00	23.875	7.9437	0.12589	33.624	36.630	74.936	147.52	193.90	601.56	0.066185	undefined	undefined	supercritical
563.00	23.917	7.9456	0.12586	33.619	36.629	74.925	147.52	193.87	602.03	0.065367	undefined	undefined	supercritical
563.00	23.959	7.9476	0.12582	33.614	36.629	74.915	147.51	193.84	602.50	0.064552	undefined	undefined	supercritical
563.00	24.000	7.9495	0.12579	33.609	36.628	74.905	147.51	193.81	602.97	0.063739	undefined	undefined	supercritical
563.00	24.042	7.9514	0.12576	33.604	36.627	74.895	147.50	193.77	603.43	0.062929	undefined	undefined	supercritical
563.00	24.084	7.9533	0.12573	33.599	36.627	74.884	147.49	193.74	603.90	0.062122	undefined	undefined	supercritical
563.00	24.125	7.9553	0.12570	33.594	36.626	74.874	147.49	193.71	604.37	0.061318	undefined	undefined	supercritical
563.00	24.167	7.9572	0.12567	33.589	36.626	74.864	147.48	193.68	604.84	0.060517	undefined	undefined	supercritical
563.00	24.209	7.9591	0.12564	33.584	36.626	74.854	147.48	193.64	605.30	0.059718	undefined	undefined	supercritical
563.00	24.250	7.9610	0.12561	33.579	36.625	74.844	147.47	193.61	605.77	0.058922	undefined	undefined	supercritical
563.00	24.292	7.9629	0.12558	33.574	36.625	74.834	147.47	193.58	606.23	0.058129	undefined	undefined	supercritical
563.00	24.334	7.9648	0.12555	33.569	36.624	74.824	147.46	193.55	606.70	0.057339	undefined	undefined	supercritical
563.00	24.375	7.9667	0.12552	33.564	36.624	74.813	147.46	193.52	607.16	0.056551	undefined	undefined	supercritical
563.00	24.417	7.9686	0.12549	33.559	36.623	74.803	147.45	193.49	607.62	0.055766	undefined	undefined	supercritical
563.00	24.459	7.9705	0.12546	33.554	36.623	74.793	147.44	193.45	608.08	0.054984	undefined	undefined	supercritical
563.00	24.500	7.9724	0.12543	33.549	36.622	74.783	147.44	193.42	608.54	0.054205	undefined	undefined	supercritical
563.00	24.542	7.9743	0.12540	33.544	36.622	74.773	147.43	193.39	609.01	0.053428	undefined	undefined	supercritical
563.00	24.584	7.9762	0.12537	33.539	36.621	74.763	147.43	193.36	609.47	0.052654	undefined	undefined	supercritical
563.00	24.625	7.9780	0.12534	33.534	36.621	74.753	147.42	193.33	609.93	0.051882	undefined	undefined	supercritical
563.00	24.667	7.9799	0.12531	33.529	36.621	74.743	147.42	193.30	610.38	0.051113	undefined	undefined	supercritical
563.00	24.708	7.9818	0.12528	33.525	36.620	74.733	147.41	193.27	610.84	0.050346	undefined	undefined	supercritical
563.00	24.750	7.9837	0.12526	33.520	36.620	74.723	147.41	193.24	611.30	0.049583	undefined	undefined	supercritical
563.00	24.792	7.9855	0.12523	33.515	36.619	74.713	147.40	193.21	611.76	0.048821	undefined	undefined	supercritical
563.00	24.833	7.9874	0.12520	33.510	36.619	74.703	147.40	193.18	612.21	0.048063	undefined	undefined	supercritical
563.00	24.875	7.9893	0.12517	33.505	36.619	74.693	147.39	193.14	612.67	0.047306	undefined	undefined	supercritical
563.00	24.917	7.9911	0.12514	33.500	36.618	74.683	147.39	193.11	613.12	0.046553	undefined	undefined	supercritical
563.00	24.958	7.9930	0.12511	33.495	36.618	74.673	147.38	193.08	613.58	0.045802	undefined	undefined	supercritical
563.00	25.000	7.9948	0.12508	33.490	36.618	74.664	147.38	193.05	614.03	0.045053	undefined	undefined	supercritical
