Temperature (K)	Pressure (MPa)	Density (mol/l)	Volume (l/mol)	Internal Energy (kJ/mol)	Enthalpy (kJ/mol)	Entropy (J/mol*K)	Cv (J/mol*K)	Cp (J/mol*K)	Sound Spd. (m/s)	Joule-Thomson (K/MPa)	Viscosity (uPa*s)	Therm. Cond. (W/m*K)	Phase
555.00	0.033333	0.0072432	138.06	60.232	64.834	170.55	201.83	210.24	238.34	5.8417	undefined	undefined	vapor
555.00	0.066667	0.014526	68.843	60.203	64.793	164.73	201.87	210.39	237.75	5.8807	undefined	undefined	vapor
555.00	0.10000	0.021848	45.770	60.175	64.752	161.31	201.91	210.54	237.16	5.9199	undefined	undefined	vapor
555.00	0.13333	0.029212	34.233	60.146	64.710	158.86	201.96	210.70	236.56	5.9596	undefined	undefined	vapor
555.00	0.16667	0.036616	27.310	60.116	64.668	156.96	202.01	210.86	235.96	5.9995	undefined	undefined	vapor
555.00	0.20000	0.044063	22.695	60.087	64.626	155.39	202.06	211.03	235.36	6.0398	undefined	undefined	vapor
555.00	0.23333	0.051552	19.398	60.057	64.583	154.05	202.11	211.20	234.75	6.0805	undefined	undefined	vapor
555.00	0.26667	0.059084	16.925	60.027	64.540	152.89	202.17	211.38	234.14	6.1215	undefined	undefined	vapor
555.00	0.30000	0.066660	15.001	59.996	64.497	151.85	202.22	211.56	233.52	6.1628	undefined	undefined	vapor
555.00	0.33333	0.074281	13.462	59.966	64.453	150.92	202.28	211.75	232.90	6.2046	undefined	undefined	vapor
555.00	0.36667	0.081948	12.203	59.935	64.409	150.07	202.34	211.94	232.28	6.2466	undefined	undefined	vapor
555.00	0.40000	0.089660	11.153	59.903	64.365	149.29	202.40	212.14	231.65	6.2891	undefined	undefined	vapor
555.00	0.43333	0.097420	10.265	59.872	64.320	148.57	202.47	212.34	231.02	6.3320	undefined	undefined	vapor
555.00	0.46667	0.10523	9.5033	59.840	64.275	147.89	202.54	212.55	230.38	6.3752	undefined	undefined	vapor
555.00	0.50000	0.11308	8.8431	59.808	64.230	147.26	202.60	212.76	229.74	6.4189	undefined	undefined	vapor
555.00	0.53333	0.12099	8.2653	59.776	64.184	146.66	202.68	212.98	229.10	6.4629	undefined	undefined	vapor
555.00	0.56667	0.12894	7.7554	59.743	64.138	146.10	202.75	213.21	228.45	6.5074	undefined	undefined	vapor
555.00	0.60000	0.13695	7.3020	59.710	64.092	145.57	202.82	213.44	227.80	6.5523	undefined	undefined	vapor
555.00	0.63333	0.14501	6.8962	59.677	64.045	145.05	202.90	213.68	227.14	6.5976	undefined	undefined	vapor
555.00	0.66667	0.15312	6.5309	59.644	63.998	144.57	202.98	213.92	226.48	6.6433	undefined	undefined	vapor
555.00	0.70000	0.16128	6.2002	59.610	63.950	144.10	203.06	214.17	225.81	6.6895	undefined	undefined	vapor
555.00	0.73333	0.16950	5.8996	59.576	63.902	143.65	203.15	214.43	225.14	6.7362	undefined	undefined	vapor
555.00	0.76667	0.17778	5.6249	59.541	63.854	143.22	203.23	214.70	224.46	6.7833	undefined	undefined	vapor
555.00	0.80000	0.18611	5.3731	59.507	63.805	142.80	203.32	214.97	223.78	6.8308	undefined	undefined	vapor
555.00	0.83333	0.19450	5.1413	59.471	63.756	142.39	203.41	215.25	223.10	6.8789	undefined	undefined	vapor
555.00	0.86667	0.20295	4.9272	59.436	63.706	142.00	203.51	215.53	222.41	6.9274	undefined	undefined	vapor
555.00	0.90000	0.21147	4.7289	59.400	63.656	141.62	203.60	215.83	221.71	6.9764	undefined	undefined	vapor
555.00	0.93333	0.22004	4.5447	59.364	63.606	141.25	203.70	216.13	221.01	7.0259	undefined	undefined	vapor
555.00	0.96667	0.22867	4.3731	59.328	63.555	140.89	203.80	216.44	220.30	7.0760	undefined	undefined	vapor
555.00	1.0000	0.23737	4.2128	59.291	63.504	140.54	203.90	216.75	219.59	7.1265	undefined	undefined	vapor
555.00	1.0333	0.24614	4.0628	59.254	63.452	140.20	204.01	217.08	218.87	7.1776	undefined	undefined	vapor
555.00	1.0667	0.25497	3.9221	59.216	63.400	139.87	204.12	217.41	218.15	7.2293	undefined	undefined	vapor
555.00	1.1000	0.26386	3.7898	59.179	63.347	139.54	204.23	217.75	217.42	7.2815	undefined	undefined	vapor
555.00	1.1333	0.27283	3.6652	59.140	63.294	139.22	204.34	218.10	216.69	7.3343	undefined	undefined	vapor
555.00	1.1667	0.28187	3.5477	59.102	63.241	138.91	204.45	218.46	215.95	7.3876	undefined	undefined	vapor
555.00	1.2000	0.29098	3.4366	59.063	63.187	138.60	204.57	218.83	215.20	7.4416	undefined	undefined	vapor
555.00	1.2333	0.30017	3.3315	59.023	63.132	138.30	204.69	219.21	214.45	7.4962	undefined	undefined	vapor
555.00	1.2667	0.30943	3.2318	58.984	63.077	138.00	204.81	219.60	213.69	7.5514	undefined	undefined	vapor
555.00	1.3000	0.31877	3.1371	58.943	63.022	137.71	204.94	220.00	212.93	7.6072	undefined	undefined	vapor
555.00	1.3333	0.32819	3.0471	58.903	62.965	137.43	205.07	220.41	212.16	7.6637	undefined	undefined	vapor
555.00	1.3667	0.33768	2.9614	58.862	62.909	137.14	205.20	220.83	211.38	7.7209	undefined	undefined	vapor
555.00	1.4000	0.34726	2.8796	58.820	62.852	136.87	205.33	221.26	210.60	7.7787	undefined	undefined	vapor
555.00	1.4333	0.35693	2.8017	58.778	62.794	136.59	205.47	221.70	209.81	7.8373	undefined	undefined	vapor
555.00	1.4667	0.36668	2.7272	58.736	62.736	136.32	205.60	222.16	209.01	7.8966	undefined	undefined	vapor
555.00	1.5000	0.37652	2.6559	58.693	62.677	136.05	205.74	222.63	208.20	7.9566	undefined	undefined	vapor
555.00	1.5333	0.38646	2.5876	58.650	62.618	135.79	205.89	223.10	207.39	8.0174	undefined	undefined	vapor
555.00	1.5667	0.39648	2.5222	58.607	62.558	135.53	206.03	223.60	206.57	8.0790	undefined	undefined	vapor
555.00	1.6000	0.40660	2.4594	58.562	62.497	135.27	206.18	224.10	205.74	8.1413	undefined	undefined	vapor
555.00	1.6333	0.41682	2.3991	58.518	62.436	135.01	206.34	224.62	204.91	8.2045	undefined	undefined	vapor
555.00	1.6667	0.42714	2.3411	58.473	62.375	134.76	206.49	225.15	204.06	8.2685	undefined	undefined	vapor
555.00	1.7000	0.43757	2.2854	58.427	62.312	134.51	206.65	225.70	203.21	8.3334	undefined	undefined	vapor
555.00	1.7333	0.44810	2.2317	58.381	62.249	134.26	206.81	226.27	202.35	8.3992	undefined	undefined	vapor
555.00	1.7667	0.45873	2.1799	58.334	62.186	134.01	206.97	226.85	201.48	8.4659	undefined	undefined	vapor
555.00	1.8000	0.46948	2.1300	58.287	62.121	133.77	207.14	227.44	200.60	8.5336	undefined	undefined	vapor
555.00	1.8333	0.48035	2.0818	58.239	62.056	133.52	207.31	228.05	199.72	8.6022	undefined	undefined	vapor
555.00	1.8667	0.49133	2.0353	58.191	61.990	133.28	207.48	228.68	198.82	8.6718	undefined	undefined	vapor
555.00	1.9000	0.50244	1.9903	58.142	61.924	133.04	207.66	229.33	197.92	8.7425	undefined	undefined	vapor
555.00	1.9333	0.51367	1.9468	58.093	61.857	132.80	207.84	230.00	197.00	8.8142	undefined	undefined	vapor
555.00	1.9667	0.52502	1.9047	58.043	61.789	132.56	208.02	230.68	196.08	8.8870	undefined	undefined	vapor
555.00	2.0000	0.53652	1.8639	57.992	61.720	132.33	208.20	231.39	195.14	8.9609	undefined	undefined	vapor
555.00	2.0333	0.54814	1.8243	57.941	61.651	132.09	208.39	232.12	194.20	9.0360	undefined	undefined	vapor
555.00	2.0667	0.55991	1.7860	57.889	61.580	131.85	208.58	232.87	193.24	9.1124	undefined	undefined	vapor
555.00	2.1000	0.57183	1.7488	57.837	61.509	131.62	208.78	233.64	192.27	9.1899	undefined	undefined	vapor
555.00	2.1333	0.58389	1.7126	57.783	61.437	131.39	208.98	234.44	191.29	9.2688	undefined	undefined	vapor
555.00	2.1667	0.59611	1.6775	57.730	61.364	131.15	209.18	235.26	190.30	9.3489	undefined	undefined	vapor
555.00	2.2000	0.60850	1.6434	57.675	61.290	130.92	209.38	236.10	189.30	9.4305	undefined	undefined	vapor
555.00	2.2333	0.62104	1.6102	57.620	61.216	130.69	209.59	236.98	188.29	9.5135	undefined	undefined	vapor
555.00	2.2667	0.63376	1.5779	57.564	61.140	130.46	209.80	237.88	187.26	9.5979	undefined	undefined	vapor
555.00	2.3000	0.64666	1.5464	57.507	61.064	130.22	210.02	238.81	186.22	9.6839	undefined	undefined	vapor
555.00	2.3333	0.65974	1.5158	57.449	60.986	129.99	210.23	239.78	185.17	9.7715	undefined	undefined	vapor
555.00	2.3667	0.67301	1.4859	57.391	60.907	129.76	210.46	240.77	184.10	9.8607	undefined	undefined	vapor
555.00	2.4000	0.68648	1.4567	57.332	60.828	129.53	210.68	241.80	183.02	9.9517	undefined	undefined	vapor
555.00	2.4333	0.70015	1.4283	57.271	60.747	129.30	210.91	242.87	181.92	10.044	undefined	undefined	vapor
555.00	2.4667	0.71404	1.4005	57.210	60.665	129.06	211.14	243.97	180.81	10.139	undefined	undefined	vapor
555.00	2.5000	0.72815	1.3733	57.149	60.582	128.83	211.38	245.12	179.69	10.235	undefined	undefined	vapor
555.00	2.5333	0.74250	1.3468	57.086	60.498	128.60	211.62	246.30	178.54	10.334	undefined	undefined	vapor
555.00	2.5667	0.75708	1.3209	57.022	60.412	128.36	211.86	247.53	177.38	10.435	undefined	undefined	vapor
555.00	2.6000	0.77191	1.2955	56.957	60.326	128.13	212.11	248.81	176.21	10.537	undefined	undefined	vapor
555.00	2.6333	0.78701	1.2706	56.891	60.237	127.89	212.36	250.13	175.01	10.642	undefined	undefined	vapor
555.00	2.6667	0.80238	1.2463	56.825	60.148	127.66	212.61	251.51	173.80	10.750	undefined	undefined	vapor
555.00	2.7000	0.81804	1.2224	56.757	60.057	127.42	212.87	252.94	172.57	10.860	undefined	undefined	vapor
555.00	2.7333	0.83399	1.1991	56.687	59.965	127.18	213.13	254.43	171.32	10.972	undefined	undefined	vapor
555.00	2.7667	0.85026	1.1761	56.617	59.871	126.94	213.40	255.98	170.05	11.087	undefined	undefined	vapor
555.00	2.8000	0.86686	1.1536	56.546	59.776	126.70	213.67	257.60	168.76	11.205	undefined	undefined	vapor
555.00	2.8333	0.88380	1.1315	56.473	59.679	126.45	213.94	259.29	167.44	11.326	undefined	undefined	vapor
555.00	2.8667	0.90110	1.1098	56.399	59.580	126.21	214.22	261.06	166.11	11.450	undefined	undefined	vapor
555.00	2.9000	0.91879	1.0884	56.323	59.479	125.96	214.50	262.90	164.75	11.578	undefined	undefined	vapor
555.00	2.9333	0.93688	1.0674	56.246	59.377	125.71	214.78	264.84	163.36	11.709	undefined	undefined	vapor
555.00	2.9667	0.95540	1.0467	56.167	59.273	125.46	215.07	266.86	161.95	11.843	undefined	undefined	vapor
555.00	3.0000	0.97436	1.0263	56.087	59.166	125.21	215.37	268.99	160.52	11.981	undefined	undefined	vapor
555.00	3.0333	0.99381	1.0062	56.005	59.058	124.95	215.66	271.22	159.05	12.123	undefined	undefined	vapor
555.00	3.0667	1.0138	0.98643	55.922	58.947	124.69	215.96	273.57	157.56	12.269	undefined	undefined	vapor
555.00	3.1000	1.0342	0.96690	55.836	58.834	124.43	216.27	276.04	156.04	12.420	undefined	undefined	vapor
555.00	3.1333	1.0553	0.94761	55.749	58.718	124.16	216.57	278.65	154.48	12.575	undefined	undefined	vapor
555.00	3.1667	1.0770	0.92854	55.660	58.600	123.89	216.88	281.41	152.90	12.736	undefined	undefined	vapor
555.00	3.2000	1.0993	0.90969	55.568	58.479	123.62	217.20	284.33	151.28	12.901	undefined	undefined	vapor
555.00	3.2333	1.1223	0.89104	55.475	58.356	123.34	217.51	287.43	149.62	13.072	undefined	undefined	vapor
555.00	3.2667	1.1460	0.87257	55.378	58.229	123.06	217.83	290.72	147.93	13.248	undefined	undefined	vapor
555.00	3.3000	1.1706	0.85425	55.280	58.099	122.78	218.16	294.22	146.20	13.431	undefined	undefined	vapor
555.00	3.3333	1.1960	0.83609	55.178	57.965	122.49	218.48	297.96	144.43	13.619	undefined	undefined	vapor
555.00	3.3667	1.2224	0.81805	55.074	57.828	122.19	218.81	301.96	142.62	13.815	undefined	undefined	vapor
555.00	3.4000	1.2498	0.80012	54.967	57.687	121.89	219.14	306.25	140.77	14.017	undefined	undefined	vapor
555.00	3.4333	1.2783	0.78228	54.856	57.542	121.58	219.46	310.86	138.87	14.227	undefined	undefined	vapor
555.00	3.4667	1.3080	0.76451	54.742	57.392	121.26	219.79	315.82	136.92	14.444	undefined	undefined	vapor
555.00	3.5000	1.3391	0.74678	54.624	57.238	120.94	220.12	321.20	134.93	14.669	undefined	undefined	vapor
555.00	3.5333	1.3716	0.72909	54.502	57.078	120.60	220.45	327.03	132.88	14.902	undefined	undefined	vapor
555.00	3.5667	1.4057	0.71140	54.375	56.913	120.26	220.77	333.37	130.78	15.144	undefined	undefined	vapor
555.00	3.6000	1.4416	0.69369	54.244	56.741	119.91	221.09	340.31	128.63	15.394	undefined	undefined	vapor
555.00	3.6333	1.4794	0.67593	54.107	56.563	119.55	221.41	347.92	126.42	15.653	undefined	undefined	vapor
555.00	3.6667	1.5195	0.65809	53.965	56.378	119.18	221.71	356.31	124.16	15.920	undefined	undefined	vapor
555.00	3.7000	1.5621	0.64015	53.816	56.185	118.79	222.01	365.61	121.84	16.196	undefined	undefined	vapor
555.00	3.7333	1.6075	0.62207	53.660	55.983	118.39	222.29	375.98	119.46	16.480	undefined	undefined	vapor
555.00	3.7667	1.6562	0.60381	53.497	55.771	117.97	222.55	387.61	117.02	16.771	undefined	undefined	vapor
555.00	3.8000	1.7085	0.58533	53.325	55.549	117.53	222.79	400.78	114.54	17.069	undefined	undefined	vapor
555.00	3.8333	1.7650	0.56657	53.143	55.315	117.08	223.00	415.85	111.99	17.373	undefined	undefined	vapor
555.00	3.8667	1.8265	0.54750	52.950	55.067	116.60	223.17	433.34	109.40	17.682	undefined	undefined	vapor
555.00	3.9000	1.8939	0.52802	52.744	54.803	116.09	223.30	454.05	106.75	17.999	undefined	undefined	vapor
555.00	3.9333	1.9683	0.50805	52.523	54.521	115.55	223.38	479.29	104.05	18.325	undefined	undefined	vapor
555.00	3.9667	2.0515	0.48744	52.282	54.216	114.97	223.40	511.42	101.29	18.669	undefined	undefined	vapor
555.00	4.0000	2.1461	0.46595	52.018	53.882	114.34	223.33	555.05	98.450	19.042	undefined	undefined	vapor
555.00	4.0333	2.2566	0.44314	51.719	53.506	113.64	223.18	620.53	95.504	19.469	undefined	undefined	vapor
555.00	4.0667	2.3919	0.41808	51.364	53.064	112.81	222.91	736.08	92.410	19.979	undefined	undefined	vapor
555.00	4.1000	2.5756	0.38826	50.898	52.490	111.75	222.47	1012.7	89.208	20.549	undefined	undefined	vapor
555.00	4.1000	2.5756	0.38826	50.898	52.490	111.75	222.47	1012.7	89.208	20.549	undefined	undefined	supercritical
555.00	4.1000	2.5756	0.38826	50.898	52.490	111.75	222.47	1012.7	89.208	20.549	undefined	undefined	supercritical
555.00	4.1333	2.9241	0.34198	50.042	51.456	109.87	221.69	2567.7	87.240	20.303	undefined	undefined	supercritical
555.00	4.1667	3.7086	0.26965	48.217	49.341	106.04	219.39	2125.4	97.196	14.277	undefined	undefined	supercritical
555.00	4.2000	3.9546	0.25287	47.683	48.745	104.95	217.94	1017.6	106.54	11.325	undefined	undefined	supercritical
555.00	4.2333	4.0860	0.24474	47.403	48.439	104.38	217.02	769.13	113.64	9.7407	undefined	undefined	supercritical
555.00	4.2667	4.1815	0.23915	47.201	48.221	103.98	216.30	661.30	119.45	8.7067	undefined	undefined	supercritical
555.00	4.3000	4.2590	0.23480	47.037	48.047	103.65	215.70	600.48	124.48	7.9579	undefined	undefined	supercritical
555.00	4.3333	4.3253	0.23120	46.897	47.899	103.37	215.18	560.77	129.00	7.3767	undefined	undefined	supercritical
555.00	4.3667	4.3838	0.22811	46.773	47.769	103.12	214.71	532.17	133.19	6.9022	undefined	undefined	supercritical
555.00	4.4000	4.4364	0.22541	46.661	47.653	102.90	214.30	510.04	137.16	6.5000	undefined	undefined	supercritical
555.00	4.4333	4.4844	0.22300	46.559	47.548	102.69	213.93	491.97	140.97	6.1494	undefined	undefined	supercritical
555.00	4.4667	4.5283	0.22083	46.464	47.451	102.51	213.59	476.64	144.67	5.8375	undefined	undefined	supercritical
555.00	4.5000	4.5690	0.21887	46.377	47.362	102.33	213.28	463.27	148.29	5.5561	undefined	undefined	supercritical
555.00	4.5333	4.6067	0.21707	46.295	47.279	102.17	213.00	451.38	151.85	5.2996	undefined	undefined	supercritical
555.00	4.5667	4.6419	0.21543	46.218	47.202	102.02	212.75	440.69	155.33	5.0644	undefined	undefined	supercritical
555.00	4.6000	4.6748	0.21391	46.146	47.130	101.88	212.51	431.00	158.76	4.8477	undefined	undefined	supercritical
555.00	4.6333	4.7057	0.21251	46.078	47.062	101.74	212.29	422.15	162.13	4.6472	undefined	undefined	supercritical
555.00	4.6667	4.7348	0.21120	46.013	46.999	101.62	212.09	414.05	165.44	4.4615	undefined	undefined	supercritical
555.00	4.7000	4.7623	0.20998	45.952	46.939	101.50	211.91	406.61	168.69	4.2889	undefined	undefined	supercritical
555.00	4.7333	4.7883	0.20884	45.894	46.883	101.38	211.73	399.76	171.87	4.1284	undefined	undefined	supercritical
555.00	4.7667	4.8129	0.20777	45.839	46.829	101.27	211.57	393.44	175.00	3.9788	undefined	undefined	supercritical
555.00	4.8000	4.8364	0.20677	45.786	46.778	101.17	211.42	387.60	178.05	3.8391	undefined	undefined	supercritical
555.00	4.8333	4.8588	0.20581	45.735	46.730	101.07	211.28	382.19	181.05	3.7085	undefined	undefined	supercritical
555.00	4.8667	4.8801	0.20491	45.686	46.684	100.97	211.14	377.17	183.99	3.5863	undefined	undefined	supercritical
555.00	4.9000	4.9006	0.20406	45.640	46.640	100.88	211.02	372.51	186.86	3.4716	undefined	undefined	supercritical
555.00	4.9333	4.9202	0.20324	45.595	46.597	100.79	210.90	368.16	189.68	3.3640	undefined	undefined	supercritical
555.00	4.9667	4.9391	0.20247	45.551	46.557	100.71	210.79	364.10	192.43	3.2627	undefined	undefined	supercritical
555.00	5.0000	4.9572	0.20173	45.510	46.518	100.63	210.68	360.31	195.13	3.1673	undefined	undefined	supercritical
555.00	5.0333	4.9746	0.20102	45.469	46.481	100.55	210.58	356.76	197.78	3.0773	undefined	undefined	supercritical
555.00	5.0667	4.9915	0.20034	45.430	46.445	100.47	210.49	353.43	200.37	2.9923	undefined	undefined	supercritical
555.00	5.1000	5.0078	0.19969	45.392	46.410	100.39	210.40	350.30	202.91	2.9118	undefined	undefined	supercritical
555.00	5.1333	5.0235	0.19906	45.355	46.377	100.32	210.31	347.35	205.40	2.8356	undefined	undefined	supercritical
555.00	5.1667	5.0388	0.19846	45.319	46.345	100.25	210.23	344.57	207.84	2.7634	undefined	undefined	supercritical
555.00	5.2000	5.0536	0.19788	45.284	46.313	100.18	210.15	341.94	210.24	2.6947	undefined	undefined	supercritical
555.00	5.2333	5.0680	0.19732	45.251	46.283	100.12	210.07	339.46	212.59	2.6294	undefined	undefined	supercritical
555.00	5.2667	5.0819	0.19677	45.218	46.254	100.05	210.00	337.11	214.89	2.5672	undefined	undefined	supercritical
555.00	5.3000	5.0955	0.19625	45.185	46.225	99.990	209.93	334.88	217.16	2.5080	undefined	undefined	supercritical
555.00	5.3333	5.1088	0.19574	45.154	46.198	99.929	209.86	332.76	219.38	2.4514	undefined	undefined	supercritical
555.00	5.3667	5.1216	0.19525	45.123	46.171	99.869	209.79	330.75	221.57	2.3974	undefined	undefined	supercritical
555.00	5.4000	5.1342	0.19477	45.093	46.145	99.810	209.73	328.83	223.72	2.3457	undefined	undefined	supercritical
555.00	5.4333	5.1465	0.19431	45.064	46.120	99.753	209.67	327.00	225.83	2.2962	undefined	undefined	supercritical
555.00	5.4667	5.1584	0.19386	45.035	46.095	99.697	209.61	325.25	227.91	2.2488	undefined	undefined	supercritical
555.00	5.5000	5.1701	0.19342	45.007	46.071	99.642	209.55	323.58	229.95	2.2033	undefined	undefined	supercritical
555.00	5.5333	5.1816	0.19299	44.980	46.047	99.588	209.50	321.99	231.96	2.1596	undefined	undefined	supercritical
555.00	5.5667	5.1928	0.19258	44.952	46.025	99.535	209.45	320.46	233.95	2.1177	undefined	undefined	supercritical
555.00	5.6000	5.2037	0.19217	44.926	46.002	99.483	209.39	319.00	235.90	2.0773	undefined	undefined	supercritical
555.00	5.6333	5.2144	0.19178	44.900	45.980	99.432	209.34	317.59	237.82	2.0385	undefined	undefined	supercritical
555.00	5.6667	5.2250	0.19139	44.874	45.959	99.382	209.30	316.24	239.71	2.0010	undefined	undefined	supercritical
555.00	5.7000	5.2353	0.19101	44.849	45.938	99.333	209.25	314.95	241.58	1.9650	undefined	undefined	supercritical
555.00	5.7333	5.2454	0.19064	44.825	45.918	99.285	209.20	313.70	243.42	1.9302	undefined	undefined	supercritical
555.00	5.7667	5.2553	0.19028	44.800	45.898	99.238	209.16	312.50	245.23	1.8965	undefined	undefined	supercritical
555.00	5.8000	5.2651	0.18993	44.777	45.878	99.191	209.12	311.34	247.02	1.8641	undefined	undefined	supercritical
555.00	5.8333	5.2747	0.18959	44.753	45.859	99.145	209.07	310.22	248.79	1.8327	undefined	undefined	supercritical
555.00	5.8667	5.2841	0.18925	44.730	45.840	99.100	209.03	309.15	250.53	1.8023	undefined	undefined	supercritical
555.00	5.9000	5.2933	0.18892	44.707	45.822	99.055	208.99	308.11	252.25	1.7730	undefined	undefined	supercritical
555.00	5.9333	5.3024	0.18859	44.685	45.804	99.012	208.95	307.10	253.95	1.7445	undefined	undefined	supercritical
555.00	5.9667	5.3114	0.18828	44.663	45.786	98.968	208.91	306.13	255.62	1.7169	undefined	undefined	supercritical
555.00	6.0000	5.3202	0.18796	44.641	45.769	98.926	208.88	305.19	257.28	1.6902	undefined	undefined	supercritical
555.00	6.0333	5.3289	0.18766	44.620	45.752	98.884	208.84	304.28	258.92	1.6642	undefined	undefined	supercritical
555.00	6.0667	5.3374	0.18736	44.598	45.735	98.842	208.80	303.40	260.53	1.6391	undefined	undefined	supercritical
555.00	6.1000	5.3458	0.18706	44.578	45.719	98.802	208.77	302.55	262.13	1.6146	undefined	undefined	supercritical
555.00	6.1333	5.3541	0.18677	44.557	45.702	98.761	208.74	301.72	263.71	1.5909	undefined	undefined	supercritical
555.00	6.1667	5.3623	0.18649	44.537	45.687	98.722	208.70	300.91	265.28	1.5678	undefined	undefined	supercritical
555.00	6.2000	5.3703	0.18621	44.517	45.671	98.682	208.67	300.13	266.82	1.5453	undefined	undefined	supercritical
555.00	6.2333	5.3783	0.18593	44.497	45.656	98.643	208.64	299.37	268.35	1.5234	undefined	undefined	supercritical
555.00	6.2667	5.3861	0.18566	44.477	45.641	98.605	208.61	298.64	269.86	1.5022	undefined	undefined	supercritical
555.00	6.3000	5.3939	0.18540	44.458	45.626	98.567	208.58	297.92	271.36	1.4815	undefined	undefined	supercritical
555.00	6.3333	5.4015	0.18513	44.439	45.611	98.530	208.55	297.22	272.84	1.4613	undefined	undefined	supercritical
555.00	6.3667	5.4090	0.18488	44.420	45.597	98.493	208.52	296.54	274.31	1.4416	undefined	undefined	supercritical
555.00	6.4000	5.4165	0.18462	44.401	45.583	98.456	208.49	295.88	275.76	1.4224	undefined	undefined	supercritical
555.00	6.4333	5.4238	0.18437	44.383	45.569	98.420	208.46	295.24	277.20	1.4037	undefined	undefined	supercritical
555.00	6.4667	5.4311	0.18413	44.364	45.555	98.384	208.43	294.61	278.62	1.3855	undefined	undefined	supercritical
555.00	6.5000	5.4382	0.18388	44.346	45.542	98.349	208.40	294.00	280.03	1.3677	undefined	undefined	supercritical
555.00	6.5333	5.4453	0.18364	44.328	45.528	98.314	208.38	293.41	281.43	1.3503	undefined	undefined	supercritical
555.00	6.5667	5.4523	0.18341	44.311	45.515	98.279	208.35	292.83	282.81	1.3333	undefined	undefined	supercritical
555.00	6.6000	5.4592	0.18318	44.293	45.502	98.245	208.32	292.26	284.18	1.3167	undefined	undefined	supercritical
555.00	6.6333	5.4661	0.18295	44.276	45.489	98.211	208.30	291.70	285.54	1.3005	undefined	undefined	supercritical
555.00	6.6667	5.4728	0.18272	44.259	45.477	98.177	208.27	291.16	286.89	1.2846	undefined	undefined	supercritical
555.00	6.7000	5.4795	0.18250	44.242	45.465	98.144	208.25	290.63	288.22	1.2691	undefined	undefined	supercritical
555.00	6.7333	5.4862	0.18228	44.225	45.452	98.111	208.22	290.12	289.55	1.2540	undefined	undefined	supercritical
555.00	6.7667	5.4927	0.18206	44.208	45.440	98.079	208.20	289.61	290.86	1.2391	undefined	undefined	supercritical
555.00	6.8000	5.4992	0.18185	44.192	45.428	98.046	208.18	289.12	292.16	1.2246	undefined	undefined	supercritical
555.00	6.8333	5.5056	0.18163	44.176	45.417	98.014	208.15	288.64	293.45	1.2104	undefined	undefined	supercritical
555.00	6.8667	5.5119	0.18142	44.159	45.405	97.982	208.13	288.16	294.73	1.1964	undefined	undefined	supercritical
555.00	6.9000	5.5182	0.18122	44.143	45.394	97.951	208.11	287.70	296.00	1.1828	undefined	undefined	supercritical
555.00	6.9333	5.5244	0.18101	44.127	45.382	97.920	208.09	287.25	297.26	1.1694	undefined	undefined	supercritical
555.00	6.9667	5.5306	0.18081	44.112	45.371	97.889	208.07	286.81	298.51	1.1563	undefined	undefined	supercritical
555.00	7.0000	5.5367	0.18061	44.096	45.360	97.858	208.04	286.37	299.75	1.1435	undefined	undefined	supercritical
555.00	7.0333	5.5427	0.18042	44.081	45.349	97.828	208.02	285.95	300.98	1.1309	undefined	undefined	supercritical
555.00	7.0667	5.5487	0.18022	44.065	45.339	97.798	208.00	285.53	302.20	1.1185	undefined	undefined	supercritical
555.00	7.1000	5.5546	0.18003	44.050	45.328	97.768	207.98	285.12	303.42	1.1064	undefined	undefined	supercritical
555.00	7.1333	5.5605	0.17984	44.035	45.318	97.738	207.96	284.72	304.62	1.0945	undefined	undefined	supercritical
555.00	7.1667	5.5663	0.17965	44.020	45.307	97.709	207.94	284.32	305.82	1.0828	undefined	undefined	supercritical
555.00	7.2000	5.5721	0.17947	44.005	45.297	97.680	207.92	283.94	307.00	1.0714	undefined	undefined	supercritical
555.00	7.2333	5.5778	0.17928	43.990	45.287	97.651	207.90	283.56	308.18	1.0601	undefined	undefined	supercritical
555.00	7.2667	5.5835	0.17910	43.976	45.277	97.622	207.88	283.19	309.35	1.0491	undefined	undefined	supercritical
555.00	7.3000	5.5891	0.17892	43.961	45.267	97.594	207.86	282.82	310.51	1.0382	undefined	undefined	supercritical
555.00	7.3333	5.5946	0.17874	43.947	45.258	97.565	207.85	282.47	311.67	1.0276	undefined	undefined	supercritical
555.00	7.3667	5.6002	0.17857	43.933	45.248	97.537	207.83	282.11	312.81	1.0171	undefined	undefined	supercritical
555.00	7.4000	5.6056	0.17839	43.918	45.238	97.509	207.81	281.77	313.95	1.0068	undefined	undefined	supercritical
555.00	7.4333	5.6111	0.17822	43.904	45.229	97.482	207.79	281.43	315.08	0.99668	undefined	undefined	supercritical
555.00	7.4667	5.6164	0.17805	43.890	45.220	97.454	207.77	281.10	316.21	0.98673	undefined	undefined	supercritical
555.00	7.5000	5.6218	0.17788	43.876	45.211	97.427	207.76	280.77	317.32	0.97695	undefined	undefined	supercritical
555.00	7.5333	5.6271	0.17771	43.863	45.201	97.400	207.74	280.45	318.43	0.96733	undefined	undefined	supercritical
555.00	7.5667	5.6323	0.17755	43.849	45.192	97.373	207.72	280.13	319.53	0.95786	undefined	undefined	supercritical
555.00	7.6000	5.6375	0.17738	43.835	45.184	97.346	207.71	279.82	320.63	0.94855	undefined	undefined	supercritical
555.00	7.6333	5.6427	0.17722	43.822	45.175	97.320	207.69	279.51	321.72	0.93939	undefined	undefined	supercritical
555.00	7.6667	5.6478	0.17706	43.809	45.166	97.294	207.67	279.21	322.80	0.93037	undefined	undefined	supercritical
555.00	7.7000	5.6529	0.17690	43.795	45.157	97.267	207.66	278.91	323.88	0.92149	undefined	undefined	supercritical
555.00	7.7333	5.6580	0.17674	43.782	45.149	97.241	207.64	278.62	324.95	0.91276	undefined	undefined	supercritical
555.00	7.7667	5.6630	0.17659	43.769	45.141	97.216	207.63	278.33	326.01	0.90415	undefined	undefined	supercritical
555.00	7.8000	5.6680	0.17643	43.756	45.132	97.190	207.61	278.05	327.07	0.89568	undefined	undefined	supercritical
555.00	7.8333	5.6729	0.17628	43.743	45.124	97.165	207.60	277.77	328.12	0.88734	undefined	undefined	supercritical
555.00	7.8667	5.6778	0.17612	43.730	45.116	97.139	207.58	277.50	329.16	0.87912	undefined	undefined	supercritical
555.00	7.9000	5.6827	0.17597	43.717	45.108	97.114	207.57	277.23	330.20	0.87102	undefined	undefined	supercritical
555.00	7.9333	5.6875	0.17582	43.705	45.100	97.089	207.55	276.96	331.24	0.86304	undefined	undefined	supercritical
555.00	7.9667	5.6923	0.17568	43.692	45.092	97.064	207.54	276.70	332.26	0.85518	undefined	undefined	supercritical
555.00	8.0000	5.6971	0.17553	43.680	45.084	97.040	207.52	276.44	333.29	0.84743	undefined	undefined	supercritical
555.00	8.0333	5.7018	0.17538	43.667	45.076	97.015	207.51	276.19	334.30	0.83979	undefined	undefined	supercritical
555.00	8.0667	5.7065	0.17524	43.655	45.068	96.991	207.49	275.94	335.31	0.83226	undefined	undefined	supercritical
555.00	8.1000	5.7112	0.17510	43.643	45.061	96.966	207.48	275.69	336.32	0.82484	undefined	undefined	supercritical
555.00	8.1333	5.7158	0.17495	43.630	45.053	96.942	207.47	275.44	337.32	0.81752	undefined	undefined	supercritical
555.00	8.1667	5.7204	0.17481	43.618	45.046	96.918	207.45	275.20	338.31	0.81030	undefined	undefined	supercritical
555.00	8.2000	5.7250	0.17467	43.606	45.038	96.894	207.44	274.97	339.30	0.80318	undefined	undefined	supercritical
555.00	8.2333	5.7295	0.17453	43.594	45.031	96.871	207.42	274.73	340.29	0.79616	undefined	undefined	supercritical
555.00	8.2667	5.7341	0.17440	43.582	45.024	96.847	207.41	274.50	341.27	0.78923	undefined	undefined	supercritical
555.00	8.3000	5.7385	0.17426	43.570	45.017	96.824	207.40	274.28	342.24	0.78239	undefined	undefined	supercritical
555.00	8.3333	5.7430	0.17412	43.558	45.009	96.801	207.39	274.05	343.22	0.77565	undefined	undefined	supercritical
555.00	8.3667	5.7474	0.17399	43.547	45.002	96.777	207.37	273.83	344.18	0.76899	undefined	undefined	supercritical
555.00	8.4000	5.7518	0.17386	43.535	44.995	96.754	207.36	273.61	345.14	0.76242	undefined	undefined	supercritical
555.00	8.4333	5.7562	0.17373	43.523	44.989	96.731	207.35	273.40	346.10	0.75594	undefined	undefined	supercritical
555.00	8.4667	5.7606	0.17359	43.512	44.982	96.709	207.33	273.18	347.05	0.74953	undefined	undefined	supercritical
555.00	8.5000	5.7649	0.17346	43.500	44.975	96.686	207.32	272.97	348.00	0.74321	undefined	undefined	supercritical
555.00	8.5333	5.7692	0.17334	43.489	44.968	96.663	207.31	272.77	348.94	0.73697	undefined	undefined	supercritical
555.00	8.5667	5.7734	0.17321	43.478	44.961	96.641	207.30	272.56	349.88	0.73081	undefined	undefined	supercritical
555.00	8.6000	5.7777	0.17308	43.466	44.955	96.619	207.29	272.36	350.81	0.72472	undefined	undefined	supercritical
555.00	8.6333	5.7819	0.17295	43.455	44.948	96.596	207.27	272.16	351.74	0.71871	undefined	undefined	supercritical
555.00	8.6667	5.7861	0.17283	43.444	44.942	96.574	207.26	271.96	352.67	0.71278	undefined	undefined	supercritical
555.00	8.7000	5.7902	0.17270	43.433	44.935	96.552	207.25	271.77	353.59	0.70691	undefined	undefined	supercritical
555.00	8.7333	5.7944	0.17258	43.422	44.929	96.531	207.24	271.57	354.51	0.70112	undefined	undefined	supercritical
555.00	8.7667	5.7985	0.17246	43.411	44.923	96.509	207.23	271.38	355.42	0.69539	undefined	undefined	supercritical
555.00	8.8000	5.8026	0.17234	43.400	44.916	96.487	207.22	271.20	356.33	0.68973	undefined	undefined	supercritical
555.00	8.8333	5.8067	0.17222	43.389	44.910	96.466	207.21	271.01	357.23	0.68414	undefined	undefined	supercritical
555.00	8.8667	5.8107	0.17210	43.378	44.904	96.444	207.19	270.83	358.14	0.67862	undefined	undefined	supercritical
555.00	8.9000	5.8147	0.17198	43.367	44.898	96.423	207.18	270.65	359.03	0.67316	undefined	undefined	supercritical
555.00	8.9333	5.8188	0.17186	43.357	44.892	96.402	207.17	270.47	359.93	0.66776	undefined	undefined	supercritical
555.00	8.9667	5.8227	0.17174	43.346	44.886	96.381	207.16	270.29	360.82	0.66242	undefined	undefined	supercritical
555.00	9.0000	5.8267	0.17162	43.335	44.880	96.360	207.15	270.11	361.70	0.65715	undefined	undefined	supercritical
555.00	9.0333	5.8306	0.17151	43.325	44.874	96.339	207.14	269.94	362.59	0.65193	undefined	undefined	supercritical
555.00	9.0667	5.8345	0.17139	43.314	44.868	96.318	207.13	269.77	363.46	0.64677	undefined	undefined	supercritical
555.00	9.1000	5.8384	0.17128	43.304	44.862	96.297	207.12	269.60	364.34	0.64167	undefined	undefined	supercritical
555.00	9.1333	5.8423	0.17117	43.293	44.857	96.276	207.11	269.43	365.21	0.63663	undefined	undefined	supercritical
555.00	9.1667	5.8462	0.17105	43.283	44.851	96.256	207.10	269.27	366.08	0.63164	undefined	undefined	supercritical
555.00	9.2000	5.8500	0.17094	43.273	44.845	96.235	207.09	269.10	366.95	0.62671	undefined	undefined	supercritical
555.00	9.2333	5.8538	0.17083	43.262	44.840	96.215	207.08	268.94	367.81	0.62183	undefined	undefined	supercritical
555.00	9.2667	5.8576	0.17072	43.252	44.834	96.195	207.07	268.78	368.66	0.61700	undefined	undefined	supercritical
555.00	9.3000	5.8614	0.17061	43.242	44.829	96.175	207.06	268.62	369.52	0.61223	undefined	undefined	supercritical
555.00	9.3333	5.8651	0.17050	43.232	44.823	96.155	207.05	268.46	370.37	0.60750	undefined	undefined	supercritical
555.00	9.3667	5.8689	0.17039	43.222	44.818	96.135	207.04	268.31	371.22	0.60283	undefined	undefined	supercritical
555.00	9.4000	5.8726	0.17028	43.212	44.812	96.115	207.03	268.16	372.06	0.59820	undefined	undefined	supercritical
555.00	9.4333	5.8763	0.17018	43.202	44.807	96.095	207.02	268.00	372.91	0.59362	undefined	undefined	supercritical
555.00	9.4667	5.8799	0.17007	43.192	44.802	96.075	207.01	267.85	373.74	0.58909	undefined	undefined	supercritical
555.00	9.5000	5.8836	0.16996	43.182	44.797	96.056	207.00	267.70	374.58	0.58461	undefined	undefined	supercritical
555.00	9.5333	5.8872	0.16986	43.172	44.791	96.036	206.99	267.56	375.41	0.58017	undefined	undefined	supercritical
555.00	9.5667	5.8909	0.16975	43.162	44.786	96.016	206.99	267.41	376.24	0.57578	undefined	undefined	supercritical
555.00	9.6000	5.8945	0.16965	43.153	44.781	95.997	206.98	267.27	377.07	0.57143	undefined	undefined	supercritical
555.00	9.6333	5.8981	0.16955	43.143	44.776	95.978	206.97	267.12	377.89	0.56712	undefined	undefined	supercritical
555.00	9.6667	5.9016	0.16944	43.133	44.771	95.959	206.96	266.98	378.71	0.56286	undefined	undefined	supercritical
555.00	9.7000	5.9052	0.16934	43.123	44.766	95.939	206.95	266.84	379.53	0.55864	undefined	undefined	supercritical
555.00	9.7333	5.9087	0.16924	43.114	44.761	95.920	206.94	266.70	380.34	0.55446	undefined	undefined	supercritical
555.00	9.7667	5.9122	0.16914	43.104	44.756	95.901	206.93	266.56	381.16	0.55033	undefined	undefined	supercritical
555.00	9.8000	5.9158	0.16904	43.095	44.751	95.882	206.92	266.43	381.96	0.54623	undefined	undefined	supercritical
555.00	9.8333	5.9192	0.16894	43.085	44.747	95.863	206.92	266.29	382.77	0.54217	undefined	undefined	supercritical
555.00	9.8667	5.9227	0.16884	43.076	44.742	95.845	206.91	266.16	383.57	0.53815	undefined	undefined	supercritical
555.00	9.9000	5.9262	0.16874	43.066	44.737	95.826	206.90	266.03	384.37	0.53417	undefined	undefined	supercritical
555.00	9.9333	5.9296	0.16865	43.057	44.732	95.807	206.89	265.90	385.17	0.53023	undefined	undefined	supercritical
555.00	9.9667	5.9330	0.16855	43.048	44.728	95.789	206.88	265.77	385.97	0.52633	undefined	undefined	supercritical
555.00	10.000	5.9364	0.16845	43.038	44.723	95.770	206.87	265.64	386.76	0.52246	undefined	undefined	supercritical
555.00	10.033	5.9398	0.16836	43.029	44.718	95.752	206.87	265.51	387.55	0.51863	undefined	undefined	supercritical
555.00	10.067	5.9432	0.16826	43.020	44.714	95.734	206.86	265.38	388.34	0.51483	undefined	undefined	supercritical
555.00	10.100	5.9466	0.16816	43.011	44.709	95.715	206.85	265.26	389.12	0.51107	undefined	undefined	supercritical
555.00	10.133	5.9499	0.16807	43.002	44.705	95.697	206.84	265.13	389.90	0.50734	undefined	undefined	supercritical
555.00	10.167	5.9532	0.16798	42.993	44.700	95.679	206.83	265.01	390.68	0.50365	undefined	undefined	supercritical
555.00	10.200	5.9566	0.16788	42.983	44.696	95.661	206.83	264.89	391.46	0.49999	undefined	undefined	supercritical
555.00	10.233	5.9599	0.16779	42.974	44.691	95.643	206.82	264.77	392.23	0.49636	undefined	undefined	supercritical
555.00	10.267	5.9632	0.16770	42.965	44.687	95.625	206.81	264.65	393.00	0.49277	undefined	undefined	supercritical
555.00	10.300	5.9664	0.16760	42.956	44.683	95.607	206.80	264.53	393.77	0.48921	undefined	undefined	supercritical
555.00	10.333	5.9697	0.16751	42.947	44.678	95.589	206.80	264.41	394.54	0.48568	undefined	undefined	supercritical
555.00	10.367	5.9729	0.16742	42.939	44.674	95.571	206.79	264.30	395.31	0.48218	undefined	undefined	supercritical
555.00	10.400	5.9762	0.16733	42.930	44.670	95.554	206.78	264.18	396.07	0.47871	undefined	undefined	supercritical
555.00	10.433	5.9794	0.16724	42.921	44.666	95.536	206.77	264.07	396.83	0.47527	undefined	undefined	supercritical
555.00	10.467	5.9826	0.16715	42.912	44.662	95.519	206.77	263.95	397.58	0.47187	undefined	undefined	supercritical
555.00	10.500	5.9858	0.16706	42.903	44.657	95.501	206.76	263.84	398.34	0.46849	undefined	undefined	supercritical
555.00	10.533	5.9890	0.16697	42.895	44.653	95.484	206.75	263.73	399.09	0.46514	undefined	undefined	supercritical
555.00	10.567	5.9921	0.16689	42.886	44.649	95.466	206.75	263.62	399.84	0.46182	undefined	undefined	supercritical
555.00	10.600	5.9953	0.16680	42.877	44.645	95.449	206.74	263.51	400.59	0.45853	undefined	undefined	supercritical
555.00	10.633	5.9984	0.16671	42.869	44.641	95.432	206.73	263.40	401.34	0.45526	undefined	undefined	supercritical
555.00	10.667	6.0015	0.16662	42.860	44.637	95.415	206.72	263.29	402.08	0.45202	undefined	undefined	supercritical
555.00	10.700	6.0047	0.16654	42.851	44.633	95.398	206.72	263.18	402.82	0.44881	undefined	undefined	supercritical
555.00	10.733	6.0078	0.16645	42.843	44.629	95.380	206.71	263.08	403.56	0.44563	undefined	undefined	supercritical
555.00	10.767	6.0109	0.16637	42.834	44.625	95.363	206.70	262.97	404.30	0.44247	undefined	undefined	supercritical
555.00	10.800	6.0139	0.16628	42.826	44.622	95.346	206.70	262.87	405.03	0.43934	undefined	undefined	supercritical
555.00	10.833	6.0170	0.16620	42.817	44.618	95.330	206.69	262.76	405.77	0.43624	undefined	undefined	supercritical
555.00	10.867	6.0200	0.16611	42.809	44.614	95.313	206.68	262.66	406.50	0.43316	undefined	undefined	supercritical
555.00	10.900	6.0231	0.16603	42.800	44.610	95.296	206.68	262.56	407.23	0.43011	undefined	undefined	supercritical
555.00	10.933	6.0261	0.16594	42.792	44.606	95.279	206.67	262.46	407.95	0.42708	undefined	undefined	supercritical
555.00	10.967	6.0291	0.16586	42.784	44.603	95.263	206.66	262.36	408.68	0.42407	undefined	undefined	supercritical
555.00	11.000	6.0321	0.16578	42.775	44.599	95.246	206.66	262.26	409.40	0.42109	undefined	undefined	supercritical
555.00	11.033	6.0351	0.16570	42.767	44.595	95.229	206.65	262.16	410.12	0.41813	undefined	undefined	supercritical
555.00	11.067	6.0381	0.16561	42.759	44.592	95.213	206.65	262.06	410.84	0.41520	undefined	undefined	supercritical
555.00	11.100	6.0411	0.16553	42.751	44.588	95.196	206.64	261.96	411.56	0.41229	undefined	undefined	supercritical
555.00	11.133	6.0440	0.16545	42.742	44.585	95.180	206.63	261.87	412.27	0.40940	undefined	undefined	supercritical
555.00	11.167	6.0470	0.16537	42.734	44.581	95.164	206.63	261.77	412.98	0.40653	undefined	undefined	supercritical
555.00	11.200	6.0499	0.16529	42.726	44.577	95.147	206.62	261.67	413.69	0.40369	undefined	undefined	supercritical
555.00	11.233	6.0528	0.16521	42.718	44.574	95.131	206.61	261.58	414.40	0.40087	undefined	undefined	supercritical
555.00	11.267	6.0558	0.16513	42.710	44.570	95.115	206.61	261.49	415.11	0.39807	undefined	undefined	supercritical
555.00	11.300	6.0587	0.16505	42.702	44.567	95.099	206.60	261.39	415.81	0.39529	undefined	undefined	supercritical
555.00	11.333	6.0616	0.16497	42.694	44.564	95.083	206.60	261.30	416.52	0.39254	undefined	undefined	supercritical
555.00	11.367	6.0644	0.16490	42.686	44.560	95.067	206.59	261.21	417.22	0.38980	undefined	undefined	supercritical
555.00	11.400	6.0673	0.16482	42.678	44.557	95.051	206.58	261.12	417.92	0.38709	undefined	undefined	supercritical
555.00	11.433	6.0702	0.16474	42.670	44.553	95.035	206.58	261.03	418.61	0.38439	undefined	undefined	supercritical
555.00	11.467	6.0730	0.16466	42.662	44.550	95.019	206.57	260.94	419.31	0.38172	undefined	undefined	supercritical
555.00	11.500	6.0759	0.16459	42.654	44.547	95.003	206.57	260.85	420.00	0.37906	undefined	undefined	supercritical
555.00	11.533	6.0787	0.16451	42.646	44.543	94.987	206.56	260.76	420.69	0.37643	undefined	undefined	supercritical
555.00	11.567	6.0815	0.16443	42.638	44.540	94.971	206.56	260.67	421.38	0.37381	undefined	undefined	supercritical
555.00	11.600	6.0843	0.16436	42.630	44.537	94.956	206.55	260.58	422.07	0.37122	undefined	undefined	supercritical
555.00	11.633	6.0871	0.16428	42.623	44.534	94.940	206.54	260.50	422.76	0.36864	undefined	undefined	supercritical
555.00	11.667	6.0899	0.16421	42.615	44.531	94.924	206.54	260.41	423.44	0.36609	undefined	undefined	supercritical
555.00	11.700	6.0927	0.16413	42.607	44.527	94.909	206.53	260.33	424.13	0.36355	undefined	undefined	supercritical
555.00	11.733	6.0955	0.16406	42.599	44.524	94.893	206.53	260.24	424.81	0.36103	undefined	undefined	supercritical
555.00	11.767	6.0982	0.16398	42.592	44.521	94.878	206.52	260.16	425.49	0.35852	undefined	undefined	supercritical
555.00	11.800	6.1010	0.16391	42.584	44.518	94.862	206.52	260.07	426.16	0.35604	undefined	undefined	supercritical
555.00	11.833	6.1037	0.16383	42.576	44.515	94.847	206.51	259.99	426.84	0.35357	undefined	undefined	supercritical
555.00	11.867	6.1064	0.16376	42.569	44.512	94.832	206.51	259.91	427.52	0.35112	undefined	undefined	supercritical
555.00	11.900	6.1092	0.16369	42.561	44.509	94.816	206.50	259.83	428.19	0.34869	undefined	undefined	supercritical
555.00	11.933	6.1119	0.16362	42.553	44.506	94.801	206.50	259.75	428.86	0.34628	undefined	undefined	supercritical
555.00	11.967	6.1146	0.16354	42.546	44.503	94.786	206.49	259.67	429.53	0.34388	undefined	undefined	supercritical
555.00	12.000	6.1173	0.16347	42.538	44.500	94.771	206.49	259.59	430.20	0.34150	undefined	undefined	supercritical
555.00	12.033	6.1200	0.16340	42.531	44.497	94.756	206.48	259.51	430.86	0.33913	undefined	undefined	supercritical
555.00	12.067	6.1226	0.16333	42.523	44.494	94.741	206.48	259.43	431.53	0.33679	undefined	undefined	supercritical
555.00	12.100	6.1253	0.16326	42.516	44.491	94.726	206.47	259.35	432.19	0.33445	undefined	undefined	supercritical
555.00	12.133	6.1280	0.16319	42.508	44.488	94.711	206.47	259.27	432.85	0.33214	undefined	undefined	supercritical
555.00	12.167	6.1306	0.16312	42.501	44.485	94.696	206.46	259.19	433.51	0.32984	undefined	undefined	supercritical
555.00	12.200	6.1333	0.16305	42.493	44.483	94.681	206.46	259.11	434.17	0.32755	undefined	undefined	supercritical
555.00	12.233	6.1359	0.16298	42.486	44.480	94.666	206.45	259.04	434.83	0.32529	undefined	undefined	supercritical
555.00	12.267	6.1385	0.16291	42.479	44.477	94.651	206.45	258.96	435.48	0.32303	undefined	undefined	supercritical
555.00	12.300	6.1411	0.16284	42.471	44.474	94.636	206.44	258.89	436.14	0.32080	undefined	undefined	supercritical
555.00	12.333	6.1437	0.16277	42.464	44.471	94.622	206.44	258.81	436.79	0.31857	undefined	undefined	supercritical
555.00	12.367	6.1463	0.16270	42.457	44.469	94.607	206.43	258.74	437.44	0.31636	undefined	undefined	supercritical
555.00	12.400	6.1489	0.16263	42.449	44.466	94.592	206.43	258.66	438.09	0.31417	undefined	undefined	supercritical
555.00	12.433	6.1515	0.16256	42.442	44.463	94.577	206.42	258.59	438.73	0.31199	undefined	undefined	supercritical
555.00	12.467	6.1541	0.16249	42.435	44.461	94.563	206.42	258.52	439.38	0.30983	undefined	undefined	supercritical
555.00	12.500	6.1567	0.16243	42.428	44.458	94.548	206.41	258.44	440.03	0.30768	undefined	undefined	supercritical
555.00	12.533	6.1592	0.16236	42.420	44.455	94.534	206.41	258.37	440.67	0.30554	undefined	undefined	supercritical
555.00	12.567	6.1618	0.16229	42.413	44.453	94.519	206.40	258.30	441.31	0.30342	undefined	undefined	supercritical
555.00	12.600	6.1643	0.16222	42.406	44.450	94.505	206.40	258.23	441.95	0.30131	undefined	undefined	supercritical
555.00	12.633	6.1668	0.16216	42.399	44.447	94.491	206.39	258.16	442.59	0.29922	undefined	undefined	supercritical
555.00	12.667	6.1694	0.16209	42.392	44.445	94.476	206.39	258.09	443.23	0.29714	undefined	undefined	supercritical
555.00	12.700	6.1719	0.16203	42.385	44.442	94.462	206.39	258.02	443.86	0.29507	undefined	undefined	supercritical
555.00	12.733	6.1744	0.16196	42.378	44.440	94.448	206.38	257.95	444.50	0.29302	undefined	undefined	supercritical
555.00	12.767	6.1769	0.16189	42.370	44.437	94.433	206.38	257.88	445.13	0.29098	undefined	undefined	supercritical
555.00	12.800	6.1794	0.16183	42.363	44.435	94.419	206.37	257.81	445.76	0.28895	undefined	undefined	supercritical
555.00	12.833	6.1819	0.16176	42.356	44.432	94.405	206.37	257.74	446.39	0.28693	undefined	undefined	supercritical
555.00	12.867	6.1843	0.16170	42.349	44.430	94.391	206.36	257.67	447.02	0.28493	undefined	undefined	supercritical
555.00	12.900	6.1868	0.16163	42.342	44.427	94.377	206.36	257.61	447.65	0.28294	undefined	undefined	supercritical
555.00	12.933	6.1893	0.16157	42.335	44.425	94.363	206.36	257.54	448.27	0.28096	undefined	undefined	supercritical
555.00	12.967	6.1917	0.16151	42.328	44.423	94.349	206.35	257.47	448.90	0.27900	undefined	undefined	supercritical
555.00	13.000	6.1942	0.16144	42.321	44.420	94.335	206.35	257.41	449.52	0.27704	undefined	undefined	supercritical
555.00	13.033	6.1966	0.16138	42.315	44.418	94.321	206.34	257.34	450.15	0.27510	undefined	undefined	supercritical
555.00	13.067	6.1991	0.16131	42.308	44.416	94.307	206.34	257.27	450.77	0.27318	undefined	undefined	supercritical
555.00	13.100	6.2015	0.16125	42.301	44.413	94.293	206.33	257.21	451.39	0.27126	undefined	undefined	supercritical
555.00	13.133	6.2039	0.16119	42.294	44.411	94.279	206.33	257.14	452.00	0.26935	undefined	undefined	supercritical
555.00	13.167	6.2063	0.16113	42.287	44.409	94.265	206.33	257.08	452.62	0.26746	undefined	undefined	supercritical
555.00	13.200	6.2087	0.16106	42.280	44.406	94.251	206.32	257.02	453.24	0.26558	undefined	undefined	supercritical
555.00	13.233	6.2111	0.16100	42.273	44.404	94.238	206.32	256.95	453.85	0.26371	undefined	undefined	supercritical
555.00	13.267	6.2135	0.16094	42.267	44.402	94.224	206.31	256.89	454.46	0.26185	undefined	undefined	supercritical
555.00	13.300	6.2159	0.16088	42.260	44.400	94.210	206.31	256.83	455.07	0.26000	undefined	undefined	supercritical
555.00	13.333	6.2183	0.16082	42.253	44.397	94.197	206.31	256.76	455.69	0.25816	undefined	undefined	supercritical
555.00	13.367	6.2206	0.16075	42.246	44.395	94.183	206.30	256.70	456.29	0.25634	undefined	undefined	supercritical
555.00	13.400	6.2230	0.16069	42.240	44.393	94.169	206.30	256.64	456.90	0.25452	undefined	undefined	supercritical
555.00	13.433	6.2254	0.16063	42.233	44.391	94.156	206.30	256.58	457.51	0.25272	undefined	undefined	supercritical
555.00	13.467	6.2277	0.16057	42.226	44.389	94.142	206.29	256.52	458.11	0.25093	undefined	undefined	supercritical
555.00	13.500	6.2301	0.16051	42.220	44.386	94.129	206.29	256.46	458.72	0.24914	undefined	undefined	supercritical
555.00	13.533	6.2324	0.16045	42.213	44.384	94.115	206.28	256.39	459.32	0.24737	undefined	undefined	supercritical
555.00	13.567	6.2347	0.16039	42.206	44.382	94.102	206.28	256.33	459.92	0.24561	undefined	undefined	supercritical
555.00	13.600	6.2371	0.16033	42.200	44.380	94.088	206.28	256.27	460.52	0.24386	undefined	undefined	supercritical
555.00	13.633	6.2394	0.16027	42.193	44.378	94.075	206.27	256.22	461.12	0.24212	undefined	undefined	supercritical
555.00	13.667	6.2417	0.16021	42.186	44.376	94.062	206.27	256.16	461.72	0.24038	undefined	undefined	supercritical
555.00	13.700	6.2440	0.16015	42.180	44.374	94.048	206.27	256.10	462.32	0.23866	undefined	undefined	supercritical
555.00	13.733	6.2463	0.16010	42.173	44.372	94.035	206.26	256.04	462.91	0.23695	undefined	undefined	supercritical
555.00	13.767	6.2486	0.16004	42.167	44.370	94.022	206.26	255.98	463.51	0.23525	undefined	undefined	supercritical
555.00	13.800	6.2509	0.15998	42.160	44.368	94.009	206.25	255.92	464.10	0.23356	undefined	undefined	supercritical
555.00	13.833	6.2531	0.15992	42.154	44.366	93.996	206.25	255.87	464.69	0.23188	undefined	undefined	supercritical
555.00	13.867	6.2554	0.15986	42.147	44.364	93.982	206.25	255.81	465.29	0.23020	undefined	undefined	supercritical
555.00	13.900	6.2577	0.15980	42.141	44.362	93.969	206.24	255.75	465.88	0.22854	undefined	undefined	supercritical
555.00	13.933	6.2599	0.15975	42.134	44.360	93.956	206.24	255.69	466.46	0.22689	undefined	undefined	supercritical
555.00	13.967	6.2622	0.15969	42.128	44.358	93.943	206.24	255.64	467.05	0.22524	undefined	undefined	supercritical
555.00	14.000	6.2644	0.15963	42.121	44.356	93.930	206.23	255.58	467.64	0.22361	undefined	undefined	supercritical
555.00	14.033	6.2667	0.15957	42.115	44.354	93.917	206.23	255.53	468.22	0.22198	undefined	undefined	supercritical
555.00	14.067	6.2689	0.15952	42.109	44.352	93.904	206.23	255.47	468.81	0.22036	undefined	undefined	supercritical
555.00	14.100	6.2711	0.15946	42.102	44.351	93.891	206.22	255.42	469.39	0.21876	undefined	undefined	supercritical
555.00	14.133	6.2734	0.15940	42.096	44.349	93.878	206.22	255.36	469.97	0.21716	undefined	undefined	supercritical
555.00	14.167	6.2756	0.15935	42.089	44.347	93.865	206.22	255.31	470.55	0.21557	undefined	undefined	supercritical
555.00	14.200	6.2778	0.15929	42.083	44.345	93.852	206.21	255.25	471.13	0.21399	undefined	undefined	supercritical
555.00	14.233	6.2800	0.15924	42.077	44.343	93.840	206.21	255.20	471.71	0.21241	undefined	undefined	supercritical
555.00	14.267	6.2822	0.15918	42.070	44.341	93.827	206.21	255.14	472.29	0.21085	undefined	undefined	supercritical
555.00	14.300	6.2844	0.15912	42.064	44.340	93.814	206.20	255.09	472.87	0.20929	undefined	undefined	supercritical
555.00	14.333	6.2866	0.15907	42.058	44.338	93.801	206.20	255.04	473.44	0.20775	undefined	undefined	supercritical
555.00	14.367	6.2888	0.15901	42.052	44.336	93.789	206.20	254.99	474.02	0.20621	undefined	undefined	supercritical
555.00	14.400	6.2909	0.15896	42.045	44.334	93.776	206.19	254.93	474.59	0.20468	undefined	undefined	supercritical
555.00	14.433	6.2931	0.15890	42.039	44.333	93.763	206.19	254.88	475.16	0.20315	undefined	undefined	supercritical
555.00	14.467	6.2953	0.15885	42.033	44.331	93.751	206.19	254.83	475.73	0.20164	undefined	undefined	supercritical
555.00	14.500	6.2974	0.15879	42.027	44.329	93.738	206.19	254.78	476.30	0.20013	undefined	undefined	supercritical
555.00	14.533	6.2996	0.15874	42.021	44.328	93.725	206.18	254.72	476.87	0.19864	undefined	undefined	supercritical
555.00	14.567	6.3017	0.15869	42.014	44.326	93.713	206.18	254.67	477.44	0.19715	undefined	undefined	supercritical
555.00	14.600	6.3039	0.15863	42.008	44.324	93.700	206.18	254.62	478.01	0.19566	undefined	undefined	supercritical
555.00	14.633	6.3060	0.15858	42.002	44.323	93.688	206.17	254.57	478.57	0.19419	undefined	undefined	supercritical
555.00	14.667	6.3082	0.15852	41.996	44.321	93.675	206.17	254.52	479.14	0.19272	undefined	undefined	supercritical
555.00	14.700	6.3103	0.15847	41.990	44.319	93.663	206.17	254.47	479.70	0.19126	undefined	undefined	supercritical
555.00	14.733	6.3124	0.15842	41.984	44.318	93.650	206.16	254.42	480.26	0.18981	undefined	undefined	supercritical
555.00	14.767	6.3145	0.15837	41.978	44.316	93.638	206.16	254.37	480.83	0.18837	undefined	undefined	supercritical
555.00	14.800	6.3166	0.15831	41.971	44.314	93.626	206.16	254.32	481.39	0.18693	undefined	undefined	supercritical
555.00	14.833	6.3187	0.15826	41.965	44.313	93.613	206.16	254.27	481.95	0.18551	undefined	undefined	supercritical
555.00	14.867	6.3208	0.15821	41.959	44.311	93.601	206.15	254.22	482.51	0.18408	undefined	undefined	supercritical
555.00	14.900	6.3229	0.15815	41.953	44.310	93.589	206.15	254.17	483.06	0.18267	undefined	undefined	supercritical
555.00	14.933	6.3250	0.15810	41.947	44.308	93.576	206.15	254.13	483.62	0.18126	undefined	undefined	supercritical
555.00	14.967	6.3271	0.15805	41.941	44.307	93.564	206.14	254.08	484.18	0.17986	undefined	undefined	supercritical
555.00	15.000	6.3292	0.15800	41.935	44.305	93.552	206.14	254.03	484.73	0.17847	undefined	undefined	supercritical
555.00	15.033	6.3313	0.15795	41.929	44.304	93.540	206.14	253.98	485.28	0.17709	undefined	undefined	supercritical
555.00	15.067	6.3333	0.15789	41.923	44.302	93.528	206.14	253.93	485.84	0.17571	undefined	undefined	supercritical
555.00	15.100	6.3354	0.15784	41.917	44.301	93.515	206.13	253.89	486.39	0.17434	undefined	undefined	supercritical
555.00	15.133	6.3375	0.15779	41.911	44.299	93.503	206.13	253.84	486.94	0.17297	undefined	undefined	supercritical
555.00	15.167	6.3395	0.15774	41.905	44.298	93.491	206.13	253.79	487.49	0.17162	undefined	undefined	supercritical
555.00	15.200	6.3416	0.15769	41.899	44.296	93.479	206.13	253.75	488.04	0.17027	undefined	undefined	supercritical
555.00	15.233	6.3436	0.15764	41.894	44.295	93.467	206.12	253.70	488.59	0.16892	undefined	undefined	supercritical
555.00	15.267	6.3456	0.15759	41.888	44.293	93.455	206.12	253.65	489.14	0.16759	undefined	undefined	supercritical
555.00	15.300	6.3477	0.15754	41.882	44.292	93.443	206.12	253.61	489.68	0.16626	undefined	undefined	supercritical
555.00	15.333	6.3497	0.15749	41.876	44.291	93.431	206.11	253.56	490.23	0.16493	undefined	undefined	supercritical
555.00	15.367	6.3517	0.15744	41.870	44.289	93.419	206.11	253.51	490.77	0.16362	undefined	undefined	supercritical
555.00	15.400	6.3538	0.15739	41.864	44.288	93.407	206.11	253.47	491.32	0.16231	undefined	undefined	supercritical
555.00	15.433	6.3558	0.15734	41.858	44.287	93.395	206.11	253.42	491.86	0.16100	undefined	undefined	supercritical
555.00	15.467	6.3578	0.15729	41.852	44.285	93.383	206.10	253.38	492.40	0.15970	undefined	undefined	supercritical
555.00	15.500	6.3598	0.15724	41.847	44.284	93.371	206.10	253.33	492.94	0.15841	undefined	undefined	supercritical
555.00	15.533	6.3618	0.15719	41.841	44.282	93.360	206.10	253.29	493.48	0.15713	undefined	undefined	supercritical
555.00	15.567	6.3638	0.15714	41.835	44.281	93.348	206.10	253.25	494.02	0.15585	undefined	undefined	supercritical
555.00	15.600	6.3658	0.15709	41.829	44.280	93.336	206.09	253.20	494.56	0.15458	undefined	undefined	supercritical
555.00	15.633	6.3678	0.15704	41.823	44.279	93.324	206.09	253.16	495.09	0.15331	undefined	undefined	supercritical
555.00	15.667	6.3697	0.15699	41.818	44.277	93.312	206.09	253.11	495.63	0.15205	undefined	undefined	supercritical
555.00	15.700	6.3717	0.15694	41.812	44.276	93.301	206.09	253.07	496.17	0.15080	undefined	undefined	supercritical
555.00	15.733	6.3737	0.15689	41.806	44.275	93.289	206.08	253.03	496.70	0.14955	undefined	undefined	supercritical
555.00	15.767	6.3757	0.15685	41.801	44.273	93.277	206.08	252.98	497.23	0.14831	undefined	undefined	supercritical
555.00	15.800	6.3776	0.15680	41.795	44.272	93.266	206.08	252.94	497.77	0.14707	undefined	undefined	supercritical
555.00	15.833	6.3796	0.15675	41.789	44.271	93.254	206.08	252.90	498.30	0.14584	undefined	undefined	supercritical
555.00	15.867	6.3815	0.15670	41.783	44.270	93.242	206.08	252.85	498.83	0.14462	undefined	undefined	supercritical
555.00	15.900	6.3835	0.15665	41.778	44.269	93.231	206.07	252.81	499.36	0.14340	undefined	undefined	supercritical
555.00	15.933	6.3854	0.15661	41.772	44.267	93.219	206.07	252.77	499.89	0.14218	undefined	undefined	supercritical
555.00	15.967	6.3874	0.15656	41.766	44.266	93.208	206.07	252.73	500.42	0.14098	undefined	undefined	supercritical
555.00	16.000	6.3893	0.15651	41.761	44.265	93.196	206.07	252.69	500.95	0.13978	undefined	undefined	supercritical
555.00	16.033	6.3913	0.15646	41.755	44.264	93.185	206.06	252.64	501.47	0.13858	undefined	undefined	supercritical
555.00	16.067	6.3932	0.15642	41.750	44.263	93.173	206.06	252.60	502.00	0.13739	undefined	undefined	supercritical
555.00	16.100	6.3951	0.15637	41.744	44.261	93.162	206.06	252.56	502.52	0.13621	undefined	undefined	supercritical
555.00	16.133	6.3970	0.15632	41.738	44.260	93.150	206.06	252.52	503.05	0.13503	undefined	undefined	supercritical
555.00	16.167	6.3989	0.15628	41.733	44.259	93.139	206.06	252.48	503.57	0.13385	undefined	undefined	supercritical
555.00	16.200	6.4009	0.15623	41.727	44.258	93.127	206.05	252.44	504.09	0.13269	undefined	undefined	supercritical
555.00	16.233	6.4028	0.15618	41.722	44.257	93.116	206.05	252.40	504.61	0.13152	undefined	undefined	supercritical
555.00	16.267	6.4047	0.15614	41.716	44.256	93.105	206.05	252.36	505.14	0.13037	undefined	undefined	supercritical
555.00	16.300	6.4066	0.15609	41.711	44.255	93.093	206.05	252.32	505.66	0.12921	undefined	undefined	supercritical
555.00	16.333	6.4085	0.15604	41.705	44.254	93.082	206.04	252.28	506.17	0.12807	undefined	undefined	supercritical
555.00	16.367	6.4103	0.15600	41.699	44.253	93.071	206.04	252.24	506.69	0.12692	undefined	undefined	supercritical
555.00	16.400	6.4122	0.15595	41.694	44.252	93.059	206.04	252.20	507.21	0.12579	undefined	undefined	supercritical
555.00	16.433	6.4141	0.15591	41.688	44.251	93.048	206.04	252.16	507.73	0.12466	undefined	undefined	supercritical
555.00	16.467	6.4160	0.15586	41.683	44.249	93.037	206.04	252.12	508.24	0.12353	undefined	undefined	supercritical
555.00	16.500	6.4179	0.15581	41.677	44.248	93.026	206.03	252.08	508.76	0.12241	undefined	undefined	supercritical
555.00	16.533	6.4197	0.15577	41.672	44.247	93.014	206.03	252.04	509.27	0.12129	undefined	undefined	supercritical
555.00	16.567	6.4216	0.15572	41.667	44.246	93.003	206.03	252.00	509.79	0.12018	undefined	undefined	supercritical
555.00	16.600	6.4235	0.15568	41.661	44.245	92.992	206.03	251.96	510.30	0.11908	undefined	undefined	supercritical
555.00	16.633	6.4253	0.15563	41.656	44.244	92.981	206.03	251.92	510.81	0.11798	undefined	undefined	supercritical
555.00	16.667	6.4272	0.15559	41.650	44.243	92.970	206.02	251.89	511.32	0.11688	undefined	undefined	supercritical
555.00	16.700	6.4290	0.15554	41.645	44.242	92.959	206.02	251.85	511.83	0.11579	undefined	undefined	supercritical
555.00	16.733	6.4309	0.15550	41.639	44.241	92.948	206.02	251.81	512.34	0.11470	undefined	undefined	supercritical
555.00	16.767	6.4327	0.15546	41.634	44.241	92.937	206.02	251.77	512.85	0.11362	undefined	undefined	supercritical
555.00	16.800	6.4346	0.15541	41.629	44.240	92.926	206.02	251.73	513.36	0.11255	undefined	undefined	supercritical
555.00	16.833	6.4364	0.15537	41.623	44.239	92.915	206.01	251.70	513.87	0.11147	undefined	undefined	supercritical
555.00	16.867	6.4382	0.15532	41.618	44.238	92.904	206.01	251.66	514.37	0.11041	undefined	undefined	supercritical
555.00	16.900	6.4401	0.15528	41.613	44.237	92.893	206.01	251.62	514.88	0.10934	undefined	undefined	supercritical
555.00	16.933	6.4419	0.15523	41.607	44.236	92.882	206.01	251.58	515.38	0.10829	undefined	undefined	supercritical
555.00	16.967	6.4437	0.15519	41.602	44.235	92.871	206.01	251.55	515.89	0.10723	undefined	undefined	supercritical
555.00	17.000	6.4455	0.15515	41.597	44.234	92.860	206.00	251.51	516.39	0.10619	undefined	undefined	supercritical
555.00	17.033	6.4473	0.15510	41.591	44.233	92.849	206.00	251.47	516.90	0.10514	undefined	undefined	supercritical
555.00	17.067	6.4491	0.15506	41.586	44.232	92.838	206.00	251.44	517.40	0.10410	undefined	undefined	supercritical
555.00	17.100	6.4509	0.15502	41.581	44.231	92.827	206.00	251.40	517.90	0.10307	undefined	undefined	supercritical
555.00	17.133	6.4527	0.15497	41.575	44.231	92.816	206.00	251.36	518.40	0.10204	undefined	undefined	supercritical
555.00	17.167	6.4545	0.15493	41.570	44.230	92.805	206.00	251.33	518.90	0.10101	undefined	undefined	supercritical
555.00	17.200	6.4563	0.15489	41.565	44.229	92.794	205.99	251.29	519.40	0.099989	undefined	undefined	supercritical
555.00	17.233	6.4581	0.15484	41.560	44.228	92.784	205.99	251.26	519.90	0.098972	undefined	undefined	supercritical
555.00	17.267	6.4599	0.15480	41.554	44.227	92.773	205.99	251.22	520.39	0.097959	undefined	undefined	supercritical
555.00	17.300	6.4617	0.15476	41.549	44.226	92.762	205.99	251.18	520.89	0.096950	undefined	undefined	supercritical
555.00	17.333	6.4635	0.15472	41.544	44.226	92.751	205.99	251.15	521.39	0.095946	undefined	undefined	supercritical
555.00	17.367	6.4652	0.15467	41.539	44.225	92.741	205.99	251.11	521.88	0.094946	undefined	undefined	supercritical
555.00	17.400	6.4670	0.15463	41.533	44.224	92.730	205.98	251.08	522.38	0.093950	undefined	undefined	supercritical
555.00	17.433	6.4688	0.15459	41.528	44.223	92.719	205.98	251.04	522.87	0.092959	undefined	undefined	supercritical
555.00	17.467	6.4705	0.15455	41.523	44.222	92.709	205.98	251.01	523.36	0.091971	undefined	undefined	supercritical
555.00	17.500	6.4723	0.15450	41.518	44.222	92.698	205.98	250.97	523.86	0.090988	undefined	undefined	supercritical
555.00	17.533	6.4740	0.15446	41.513	44.221	92.687	205.98	250.94	524.35	0.090009	undefined	undefined	supercritical
555.00	17.567	6.4758	0.15442	41.508	44.220	92.677	205.98	250.90	524.84	0.089034	undefined	undefined	supercritical
555.00	17.600	6.4776	0.15438	41.502	44.219	92.666	205.97	250.87	525.33	0.088063	undefined	undefined	supercritical
555.00	17.633	6.4793	0.15434	41.497	44.219	92.655	205.97	250.84	525.82	0.087097	undefined	undefined	supercritical
555.00	17.667	6.4810	0.15430	41.492	44.218	92.645	205.97	250.80	526.31	0.086134	undefined	undefined	supercritical
555.00	17.700	6.4828	0.15425	41.487	44.217	92.634	205.97	250.77	526.80	0.085175	undefined	undefined	supercritical
555.00	17.733	6.4845	0.15421	41.482	44.217	92.624	205.97	250.73	527.29	0.084220	undefined	undefined	supercritical
555.00	17.767	6.4862	0.15417	41.477	44.216	92.613	205.97	250.70	527.77	0.083269	undefined	undefined	supercritical
555.00	17.800	6.4880	0.15413	41.472	44.215	92.603	205.96	250.67	528.26	0.082322	undefined	undefined	supercritical
555.00	17.833	6.4897	0.15409	41.467	44.214	92.592	205.96	250.63	528.74	0.081379	undefined	undefined	supercritical
555.00	17.867	6.4914	0.15405	41.461	44.214	92.582	205.96	250.60	529.23	0.080440	undefined	undefined	supercritical
555.00	17.900	6.4931	0.15401	41.456	44.213	92.571	205.96	250.57	529.71	0.079505	undefined	undefined	supercritical
555.00	17.933	6.4949	0.15397	41.451	44.212	92.561	205.96	250.53	530.20	0.078573	undefined	undefined	supercritical
555.00	17.967	6.4966	0.15393	41.446	44.212	92.550	205.96	250.50	530.68	0.077645	undefined	undefined	supercritical
555.00	18.000	6.4983	0.15389	41.441	44.211	92.540	205.95	250.47	531.16	0.076721	undefined	undefined	supercritical
555.00	18.033	6.5000	0.15385	41.436	44.211	92.530	205.95	250.44	531.64	0.075801	undefined	undefined	supercritical
555.00	18.067	6.5017	0.15381	41.431	44.210	92.519	205.95	250.40	532.12	0.074885	undefined	undefined	supercritical
555.00	18.100	6.5034	0.15377	41.426	44.209	92.509	205.95	250.37	532.60	0.073972	undefined	undefined	supercritical
555.00	18.133	6.5051	0.15373	41.421	44.209	92.499	205.95	250.34	533.08	0.073063	undefined	undefined	supercritical
555.00	18.167	6.5068	0.15369	41.416	44.208	92.488	205.95	250.31	533.56	0.072157	undefined	undefined	supercritical
555.00	18.200	6.5085	0.15365	41.411	44.207	92.478	205.95	250.27	534.04	0.071256	undefined	undefined	supercritical
555.00	18.233	6.5102	0.15361	41.406	44.207	92.468	205.94	250.24	534.52	0.070357	undefined	undefined	supercritical
555.00	18.267	6.5118	0.15357	41.401	44.206	92.457	205.94	250.21	535.00	0.069463	undefined	undefined	supercritical
555.00	18.300	6.5135	0.15353	41.396	44.206	92.447	205.94	250.18	535.47	0.068572	undefined	undefined	supercritical
555.00	18.333	6.5152	0.15349	41.391	44.205	92.437	205.94	250.15	535.95	0.067684	undefined	undefined	supercritical
555.00	18.367	6.5169	0.15345	41.386	44.205	92.427	205.94	250.12	536.42	0.066800	undefined	undefined	supercritical
555.00	18.400	6.5185	0.15341	41.381	44.204	92.416	205.94	250.09	536.90	0.065920	undefined	undefined	supercritical
555.00	18.433	6.5202	0.15337	41.376	44.203	92.406	205.94	250.05	537.37	0.065043	undefined	undefined	supercritical
555.00	18.467	6.5219	0.15333	41.371	44.203	92.396	205.94	250.02	537.84	0.064169	undefined	undefined	supercritical
555.00	18.500	6.5235	0.15329	41.367	44.202	92.386	205.93	249.99	538.32	0.063299	undefined	undefined	supercritical
555.00	18.533	6.5252	0.15325	41.362	44.202	92.376	205.93	249.96	538.79	0.062432	undefined	undefined	supercritical
555.00	18.567	6.5268	0.15321	41.357	44.201	92.366	205.93	249.93	539.26	0.061569	undefined	undefined	supercritical
555.00	18.600	6.5285	0.15317	41.352	44.201	92.356	205.93	249.90	539.73	0.060709	undefined	undefined	supercritical
555.00	18.633	6.5301	0.15314	41.347	44.200	92.345	205.93	249.87	540.20	0.059853	undefined	undefined	supercritical
555.00	18.667	6.5318	0.15310	41.342	44.200	92.335	205.93	249.84	540.67	0.058999	undefined	undefined	supercritical
555.00	18.700	6.5334	0.15306	41.337	44.199	92.325	205.93	249.81	541.14	0.058150	undefined	undefined	supercritical
555.00	18.733	6.5351	0.15302	41.332	44.199	92.315	205.92	249.78	541.61	0.057303	undefined	undefined	supercritical
555.00	18.767	6.5367	0.15298	41.327	44.198	92.305	205.92	249.75	542.07	0.056460	undefined	undefined	supercritical
555.00	18.800	6.5383	0.15294	41.323	44.198	92.295	205.92	249.72	542.54	0.055620	undefined	undefined	supercritical
555.00	18.833	6.5400	0.15291	41.318	44.198	92.285	205.92	249.69	543.01	0.054783	undefined	undefined	supercritical
555.00	18.867	6.5416	0.15287	41.313	44.197	92.275	205.92	249.66	543.47	0.053949	undefined	undefined	supercritical
555.00	18.900	6.5432	0.15283	41.308	44.197	92.265	205.92	249.63	543.94	0.053119	undefined	undefined	supercritical
555.00	18.933	6.5448	0.15279	41.303	44.196	92.255	205.92	249.60	544.40	0.052291	undefined	undefined	supercritical
555.00	18.967	6.5465	0.15275	41.298	44.196	92.245	205.92	249.57	544.86	0.051467	undefined	undefined	supercritical
555.00	19.000	6.5481	0.15272	41.294	44.195	92.235	205.92	249.54	545.33	0.050646	undefined	undefined	supercritical
555.00	19.033	6.5497	0.15268	41.289	44.195	92.225	205.91	249.51	545.79	0.049829	undefined	undefined	supercritical
555.00	19.067	6.5513	0.15264	41.284	44.194	92.215	205.91	249.48	546.25	0.049014	undefined	undefined	supercritical
555.00	19.100	6.5529	0.15260	41.279	44.194	92.206	205.91	249.45	546.71	0.048202	undefined	undefined	supercritical
555.00	19.133	6.5545	0.15257	41.275	44.194	92.196	205.91	249.42	547.17	0.047394	undefined	undefined	supercritical
555.00	19.167	6.5561	0.15253	41.270	44.193	92.186	205.91	249.40	547.63	0.046588	undefined	undefined	supercritical
555.00	19.200	6.5577	0.15249	41.265	44.193	92.176	205.91	249.37	548.09	0.045786	undefined	undefined	supercritical
555.00	19.233	6.5593	0.15246	41.260	44.193	92.166	205.91	249.34	548.55	0.044986	undefined	undefined	supercritical
555.00	19.267	6.5609	0.15242	41.256	44.192	92.156	205.91	249.31	549.01	0.044190	undefined	undefined	supercritical
555.00	19.300	6.5625	0.15238	41.251	44.192	92.147	205.90	249.28	549.47	0.043396	undefined	undefined	supercritical
555.00	19.333	6.5641	0.15234	41.246	44.191	92.137	205.90	249.25	549.93	0.042606	undefined	undefined	supercritical
555.00	19.367	6.5657	0.15231	41.241	44.191	92.127	205.90	249.22	550.38	0.041818	undefined	undefined	supercritical
555.00	19.400	6.5672	0.15227	41.237	44.191	92.117	205.90	249.20	550.84	0.041034	undefined	undefined	supercritical
555.00	19.433	6.5688	0.15223	41.232	44.190	92.107	205.90	249.17	551.29	0.040252	undefined	undefined	supercritical
555.00	19.467	6.5704	0.15220	41.227	44.190	92.098	205.90	249.14	551.75	0.039473	undefined	undefined	supercritical
555.00	19.500	6.5720	0.15216	41.223	44.190	92.088	205.90	249.11	552.20	0.038697	undefined	undefined	supercritical
555.00	19.533	6.5735	0.15213	41.218	44.189	92.078	205.90	249.08	552.66	0.037924	undefined	undefined	supercritical
555.00	19.567	6.5751	0.15209	41.213	44.189	92.069	205.90	249.06	553.11	0.037154	undefined	undefined	supercritical
555.00	19.600	6.5767	0.15205	41.209	44.189	92.059	205.90	249.03	553.56	0.036386	undefined	undefined	supercritical
555.00	19.633	6.5782	0.15202	41.204	44.189	92.049	205.89	249.00	554.01	0.035622	undefined	undefined	supercritical
555.00	19.667	6.5798	0.15198	41.199	44.188	92.040	205.89	248.97	554.47	0.034860	undefined	undefined	supercritical
555.00	19.700	6.5813	0.15194	41.195	44.188	92.030	205.89	248.95	554.92	0.034101	undefined	undefined	supercritical
555.00	19.733	6.5829	0.15191	41.190	44.188	92.020	205.89	248.92	555.37	0.033345	undefined	undefined	supercritical
555.00	19.767	6.5844	0.15187	41.185	44.187	92.011	205.89	248.89	555.82	0.032591	undefined	undefined	supercritical
555.00	19.800	6.5860	0.15184	41.181	44.187	92.001	205.89	248.87	556.26	0.031841	undefined	undefined	supercritical
555.00	19.833	6.5875	0.15180	41.176	44.187	91.991	205.89	248.84	556.71	0.031093	undefined	undefined	supercritical
555.00	19.867	6.5891	0.15177	41.172	44.187	91.982	205.89	248.81	557.16	0.030347	undefined	undefined	supercritical
555.00	19.900	6.5906	0.15173	41.167	44.186	91.972	205.89	248.79	557.61	0.029605	undefined	undefined	supercritical
555.00	19.933	6.5922	0.15170	41.162	44.186	91.963	205.89	248.76	558.06	0.028865	undefined	undefined	supercritical
555.00	19.967	6.5937	0.15166	41.158	44.186	91.953	205.88	248.73	558.50	0.028127	undefined	undefined	supercritical
555.00	20.000	6.5952	0.15162	41.153	44.186	91.944	205.88	248.71	558.95	0.027393	undefined	undefined	supercritical
