Temperature (K)	Pressure (MPa)	Density (mol/l)	Volume (l/mol)	Internal Energy (kJ/mol)	Enthalpy (kJ/mol)	Entropy (J/mol*K)	Cv (J/mol*K)	Cp (J/mol*K)	Sound Spd. (m/s)	Joule-Thomson (K/MPa)	Viscosity (uPa*s)	Therm. Cond. (W/m*K)	Phase
507.60	0.010000	0.0023721	421.57	56.693	60.909	179.21	211.59	219.95	225.38	7.6663	11.161	0.036057	vapor
507.60	0.043317	0.010314	96.959	56.653	60.853	166.95	211.70	220.22	224.62	7.7123	11.182	0.036102	vapor
507.60	0.076633	0.018315	54.599	56.612	60.796	162.12	211.81	220.50	223.85	7.7589	11.201	0.036147	vapor
507.60	0.10995	0.026379	37.909	56.570	60.739	159.04	211.93	220.79	223.07	7.8062	11.220	0.036193	vapor
507.60	0.14327	0.034505	28.981	56.529	60.681	156.76	212.04	221.08	222.29	7.8543	11.239	0.036238	vapor
507.60	0.17658	0.042695	23.422	56.487	60.623	154.93	212.16	221.38	221.50	7.9030	11.258	0.036285	vapor
507.60	0.20990	0.050951	19.627	56.445	60.564	153.41	212.27	221.68	220.70	7.9526	11.277	0.036331	vapor
507.60	0.24322	0.059273	16.871	56.402	60.505	152.10	212.39	221.99	219.90	8.0028	11.297	0.036378	vapor
507.60	0.27653	0.067665	14.779	56.359	60.446	150.95	212.51	222.30	219.09	8.0539	11.317	0.036426	vapor
507.60	0.30985	0.076126	13.136	56.316	60.386	149.92	212.63	222.62	218.27	8.1058	11.337	0.036474	vapor
507.60	0.34317	0.084658	11.812	56.272	60.326	148.98	212.75	222.95	217.45	8.1585	11.358	0.036522	vapor
507.60	0.37648	0.093264	10.722	56.228	60.265	148.12	212.87	223.28	216.61	8.2121	11.379	0.036571	vapor
507.60	0.40980	0.10194	9.8093	56.184	60.203	147.33	212.99	223.63	215.78	8.2666	11.401	0.036620	vapor
507.60	0.44312	0.11070	9.0334	56.139	60.142	146.59	213.12	223.98	214.93	8.3219	11.423	0.036670	vapor
507.60	0.47643	0.11954	8.3657	56.094	60.079	145.90	213.24	224.33	214.07	8.3782	11.445	0.036720	vapor
507.60	0.50975	0.12845	7.7850	56.048	60.016	145.24	213.37	224.70	213.21	8.4355	11.468	0.036770	vapor
507.60	0.54307	0.13745	7.2754	56.002	59.953	144.62	213.49	225.07	212.34	8.4937	11.491	0.036821	vapor
507.60	0.57638	0.14653	6.8245	55.956	59.889	144.04	213.62	225.45	211.46	8.5530	11.514	0.036873	vapor
507.60	0.60970	0.15570	6.4226	55.909	59.824	143.47	213.75	225.85	210.58	8.6133	11.538	0.036925	vapor
507.60	0.64302	0.16496	6.0622	55.861	59.759	142.94	213.88	226.25	209.68	8.6747	11.563	0.036978	vapor
507.60	0.67633	0.17430	5.7371	55.814	59.694	142.42	214.01	226.66	208.78	8.7372	11.587	0.037031	vapor
507.60	0.70965	0.18374	5.4424	55.765	59.627	141.92	214.15	227.08	207.87	8.8008	11.613	0.037085	vapor
507.60	0.74297	0.19328	5.1738	55.717	59.561	141.44	214.28	227.51	206.95	8.8657	11.638	0.037139	vapor
507.60	0.77628	0.20291	4.9282	55.667	59.493	140.98	214.42	227.95	206.02	8.9317	11.665	0.037194	vapor
507.60	0.80960	0.21265	4.7026	55.618	59.425	140.53	214.55	228.40	205.08	8.9990	11.691	0.037250	vapor
507.60	0.84292	0.22249	4.4946	55.567	59.356	140.09	214.69	228.87	204.13	9.0676	11.719	0.037306	vapor
507.60	0.87623	0.23243	4.3023	55.517	59.287	139.67	214.83	229.35	203.17	9.1376	11.747	0.037363	vapor
507.60	0.90955	0.24249	4.1239	55.466	59.216	139.25	214.97	229.84	202.20	9.2090	11.775	0.037421	vapor
507.60	0.94287	0.25265	3.9580	55.414	59.146	138.85	215.11	230.34	201.22	9.2817	11.804	0.037479	vapor
507.60	0.97618	0.26294	3.8032	55.361	59.074	138.45	215.26	230.86	200.23	9.3560	11.833	0.037539	vapor
507.60	1.0095	0.27334	3.6584	55.308	59.002	138.06	215.40	231.39	199.23	9.4318	11.863	0.037598	vapor
507.60	1.0428	0.28387	3.5228	55.255	58.929	137.68	215.55	231.94	198.22	9.5092	11.894	0.037659	vapor
507.60	1.0761	0.29452	3.3954	55.201	58.855	137.31	215.70	232.51	197.19	9.5883	11.925	0.037721	vapor
507.60	1.1095	0.30530	3.2755	55.146	58.780	136.95	215.85	233.09	196.16	9.6690	11.957	0.037783	vapor
507.60	1.1428	0.31622	3.1624	55.091	58.704	136.59	216.00	233.69	195.12	9.7516	11.990	0.037846	vapor
507.60	1.1761	0.32728	3.0555	55.035	58.628	136.23	216.15	234.31	194.06	9.8360	12.023	0.037911	vapor
507.60	1.2094	0.33848	2.9544	54.978	58.551	135.88	216.31	234.94	192.99	9.9222	12.057	0.037976	vapor
507.60	1.2427	0.34983	2.8586	54.920	58.473	135.54	216.47	235.60	191.91	10.011	12.092	0.038042	vapor
507.60	1.2760	0.36133	2.7675	54.862	58.394	135.20	216.63	236.28	190.81	10.101	12.127	0.038109	vapor
507.60	1.3094	0.37299	2.6810	54.803	58.314	134.86	216.79	236.99	189.70	10.193	12.163	0.038177	vapor
507.60	1.3427	0.38482	2.5986	54.744	58.233	134.53	216.95	237.71	188.58	10.288	12.201	0.038247	vapor
507.60	1.3760	0.39682	2.5200	54.683	58.151	134.20	217.12	238.47	187.44	10.385	12.238	0.038317	vapor
507.60	1.4093	0.40899	2.4450	54.622	58.068	133.87	217.28	239.25	186.29	10.484	12.277	0.038389	vapor
507.60	1.4426	0.42135	2.3733	54.560	57.984	133.55	217.45	240.05	185.13	10.586	12.317	0.038462	vapor
507.60	1.4759	0.43390	2.3047	54.497	57.898	133.23	217.62	240.89	183.95	10.691	12.358	0.038536	vapor
507.60	1.5092	0.44665	2.2389	54.433	57.812	132.91	217.80	241.76	182.76	10.798	12.399	0.038612	vapor
507.60	1.5426	0.45960	2.1758	54.368	57.724	132.59	217.97	242.67	181.54	10.908	12.442	0.038689	vapor
507.60	1.5759	0.47277	2.1152	54.302	57.636	132.27	218.15	243.61	180.32	11.022	12.486	0.038767	vapor
507.60	1.6092	0.48616	2.0569	54.235	57.545	131.96	218.34	244.59	179.07	11.138	12.531	0.038848	vapor
507.60	1.6425	0.49979	2.0009	54.168	57.454	131.65	218.52	245.61	177.81	11.258	12.577	0.038929	vapor
507.60	1.6758	0.51365	1.9468	54.099	57.361	131.33	218.71	246.68	176.53	11.381	12.624	0.039013	vapor
507.60	1.7091	0.52778	1.8947	54.029	57.267	131.02	218.90	247.79	175.24	11.507	12.672	0.039098	vapor
507.60	1.7425	0.54216	1.8445	53.957	57.171	130.71	219.09	248.96	173.92	11.638	12.722	0.039185	vapor
507.60	1.7758	0.55683	1.7959	53.885	57.074	130.40	219.29	250.17	172.58	11.772	12.774	0.039274	vapor
507.60	1.8091	0.57178	1.7489	53.811	56.975	130.09	219.48	251.45	171.23	11.910	12.827	0.039365	vapor
507.60	1.8424	0.58705	1.7034	53.736	56.874	129.78	219.69	252.79	169.85	12.053	12.881	0.039459	vapor
507.60	1.8757	0.60263	1.6594	53.659	56.772	129.46	219.89	254.19	168.45	12.201	12.937	0.039554	vapor
507.60	1.9090	0.61855	1.6167	53.581	56.668	129.15	220.10	255.67	167.03	12.353	12.995	0.039652	vapor
507.60	1.9424	0.63483	1.5752	53.502	56.561	128.84	220.32	257.23	165.58	12.511	13.054	0.039753	vapor
507.60	1.9757	0.65149	1.5349	53.421	56.453	128.52	220.53	258.88	164.11	12.674	13.116	0.039857	vapor
507.60	2.0090	0.66854	1.4958	53.338	56.343	128.20	220.76	260.62	162.62	12.843	13.180	0.039963	vapor
507.60	2.0423	0.68602	1.4577	53.253	56.230	127.89	220.98	262.46	161.10	13.018	13.246	0.040072	vapor
507.60	2.0756	0.70394	1.4206	53.166	56.115	127.57	221.21	264.42	159.55	13.199	13.314	0.040185	vapor
507.60	2.1089	0.72233	1.3844	53.078	55.997	127.24	221.45	266.50	157.98	13.387	13.385	0.040301	vapor
507.60	2.1423	0.74123	1.3491	52.987	55.877	126.91	221.69	268.72	156.37	13.583	13.458	0.040421	vapor
507.60	2.1756	0.76067	1.3146	52.894	55.754	126.59	221.94	271.08	154.74	13.786	13.535	0.040546	vapor
507.60	2.2089	0.78069	1.2809	52.799	55.628	126.25	222.19	273.62	153.07	13.998	13.614	0.040674	vapor
507.60	2.2422	0.80133	1.2479	52.701	55.499	125.91	222.45	276.34	151.36	14.219	13.697	0.040807	vapor
507.60	2.2755	0.82263	1.2156	52.600	55.366	125.57	222.72	279.28	149.63	14.449	13.784	0.040945	vapor
507.60	2.3088	0.84466	1.1839	52.496	55.230	125.22	222.99	282.44	147.85	14.690	13.874	0.041089	vapor
507.60	2.3422	0.86746	1.1528	52.390	55.090	124.87	223.27	285.88	146.04	14.942	13.969	0.041239	vapor
507.60	2.3755	0.89110	1.1222	52.279	54.945	124.51	223.56	289.62	144.18	15.205	14.069	0.041395	vapor
507.60	2.4088	0.91567	1.0921	52.166	54.796	124.15	223.86	293.70	142.28	15.482	14.173	0.041559	vapor
507.60	2.4421	0.94125	1.0624	52.048	54.642	123.77	224.17	298.19	140.33	15.773	14.284	0.041730	vapor
507.60	2.4754	0.96794	1.0331	51.925	54.483	123.39	224.49	303.14	138.33	16.079	14.401	0.041910	vapor
507.60	2.5087	0.99586	1.0042	51.798	54.317	123.00	224.82	308.64	136.28	16.401	14.525	0.042100	vapor
507.60	2.5421	1.0251	0.97547	51.665	54.145	122.59	225.17	314.78	134.16	16.742	14.657	0.042301	vapor
507.60	2.5754	1.0560	0.94700	51.527	53.966	122.18	225.52	321.68	131.99	17.104	14.798	0.042514	vapor
507.60	2.6087	1.0885	0.91867	51.382	53.778	121.74	225.90	329.52	129.75	17.487	14.950	0.042741	vapor
507.60	2.6420	1.1231	0.89042	51.229	53.581	121.30	226.29	338.50	127.43	17.895	15.114	0.042984	vapor
507.60	2.6753	1.1599	0.86217	51.067	53.374	120.83	226.70	348.90	125.03	18.331	15.291	0.043245	vapor
507.60	2.7086	1.1993	0.83380	50.896	53.155	120.34	227.14	361.11	122.54	18.797	15.485	0.043529	vapor
507.60	2.7420	1.2419	0.80520	50.713	52.921	119.83	227.60	375.69	119.94	19.299	15.698	0.043838	vapor
507.60	2.7753	1.2883	0.77622	50.516	52.670	119.28	228.10	393.42	117.22	19.841	15.936	0.044179	vapor
507.60	2.8086	1.3393	0.74665	50.302	52.399	118.70	228.63	415.54	114.36	20.428	16.204	0.044560	vapor
507.60	2.8419	1.3962	0.71621	50.067	52.103	118.07	229.21	444.05	111.34	21.069	16.511	0.044990	vapor
507.60	2.8752	1.4609	0.68450	49.805	51.773	117.37	229.85	482.44	108.11	21.773	16.870	0.045487	vapor
507.60	2.9085	1.5364	0.65088	49.505	51.398	116.59	230.57	537.52	104.61	22.553	17.303	0.046078	vapor
507.60	2.9419	1.6281	0.61422	49.149	50.956	115.68	231.41	624.74	100.75	23.422	17.852	0.046810	vapor
507.60	2.9752	1.7479	0.57213	48.698	50.400	114.54	232.42	789.83	96.330	24.394	18.605	0.047792	vapor
507.60	3.0085	1.9331	0.51729	48.033	49.589	112.91	233.80	1274.0	90.820	25.427	19.858	0.049365	vapor
507.60	3.0333	2.3822	0.41977	46.574	47.847	109.45	undefined	undefined	undefined	24.869	23.390	undefined	vapor
507.60	3.0333	2.8120	0.35562	45.361	46.440	106.68	undefined	undefined	undefined	20.978	27.540	undefined	liquid
507.60	3.0418	3.1473	0.31773	44.511	45.478	104.78	undefined	undefined	undefined	undefined	31.409	undefined	liquid
507.60	3.0751	3.4793	0.28742	43.717	44.601	103.03	232.18	1189.4	100.68	12.657	35.886	0.064548	liquid
507.60	3.1084	3.6287	0.27558	43.364	44.221	102.27	230.96	848.45	110.11	10.457	38.140	0.066172	liquid
507.60	3.1418	3.7276	0.26827	43.129	43.972	101.76	230.13	701.37	118.20	9.0297	39.721	0.067261	liquid
507.60	3.1751	3.8021	0.26301	42.951	43.786	101.38	229.51	618.48	125.35	8.0045	40.962	0.068091	liquid
507.60	3.2084	3.8623	0.25891	42.806	43.637	101.06	229.01	564.83	131.81	7.2231	41.997	0.068767	liquid
507.60	3.2417	3.9131	0.25555	42.683	43.511	100.80	228.59	527.04	137.73	6.6029	42.891	0.069340	liquid
507.60	3.2750	3.9570	0.25272	42.576	43.403	100.57	228.24	498.82	143.21	6.0958	43.684	0.069839	liquid
507.60	3.3083	3.9959	0.25026	42.480	43.308	100.37	227.93	476.86	148.34	5.6718	44.399	0.070284	liquid
507.60	3.3417	4.0309	0.24809	42.393	43.222	100.18	227.65	459.22	153.16	5.3107	45.053	0.070685	liquid
507.60	3.3750	4.0626	0.24615	42.314	43.145	100.01	227.41	444.70	157.72	4.9988	45.656	0.071052	liquid
507.60	3.4083	4.0918	0.24439	42.241	43.074	99.855	227.19	432.51	162.05	4.7260	46.219	0.071390	liquid
507.60	3.4416	4.1188	0.24279	42.173	43.008	99.710	226.98	422.10	166.18	4.4849	46.747	0.071704	liquid
507.60	3.4749	4.1440	0.24131	42.109	42.947	99.575	226.80	413.10	170.14	4.2701	47.244	0.071999	liquid
507.60	3.5082	4.1675	0.23995	42.049	42.890	99.447	226.63	405.23	173.93	4.0771	47.716	0.072275	liquid
507.60	3.5416	4.1897	0.23868	41.992	42.837	99.326	226.47	398.27	177.59	3.9026	48.165	0.072536	liquid
507.60	3.5749	4.2107	0.23749	41.938	42.787	99.211	226.32	392.06	181.11	3.7439	48.593	0.072784	liquid
507.60	3.6082	4.2306	0.23637	41.886	42.739	99.102	226.18	386.49	184.51	3.5988	49.004	0.073020	liquid
507.60	3.6415	4.2496	0.23532	41.837	42.694	98.997	226.05	381.46	187.81	3.4655	49.398	0.073246	liquid
507.60	3.6748	4.2676	0.23432	41.790	42.651	98.897	225.93	376.89	191.01	3.3426	49.778	0.073461	liquid
507.60	3.7081	4.2849	0.23338	41.745	42.610	98.801	225.81	372.71	194.11	3.2288	50.144	0.073669	liquid
507.60	3.7415	4.3015	0.23248	41.701	42.571	98.709	225.70	368.87	197.13	3.1230	50.498	0.073868	liquid
507.60	3.7748	4.3175	0.23162	41.659	42.533	98.619	225.60	365.33	200.07	3.0245	50.841	0.074060	liquid
507.60	3.8081	4.3328	0.23080	41.618	42.497	98.533	225.50	362.05	202.93	2.9323	51.174	0.074245	liquid
507.60	3.8414	4.3476	0.23001	41.579	42.462	98.449	225.41	359.01	205.72	2.8460	51.497	0.074425	liquid
507.60	3.8747	4.3619	0.22926	41.541	42.429	98.369	225.32	356.17	208.45	2.7648	51.812	0.074598	liquid
507.60	3.9080	4.3758	0.22853	41.504	42.397	98.290	225.23	353.53	211.11	2.6884	52.118	0.074767	liquid
507.60	3.9414	4.3892	0.22783	41.468	42.366	98.214	225.15	351.04	213.72	2.6163	52.416	0.074930	liquid
507.60	3.9747	4.4022	0.22716	41.433	42.335	98.140	225.07	348.71	216.27	2.5481	52.708	0.075089	liquid
507.60	4.0080	4.4148	0.22651	41.398	42.306	98.067	225.00	346.52	218.77	2.4835	52.992	0.075244	liquid
507.60	4.0413	4.4271	0.22588	41.365	42.278	97.997	224.92	344.44	221.22	2.4222	53.270	0.075395	liquid
507.60	4.0746	4.4390	0.22528	41.333	42.251	97.928	224.85	342.48	223.62	2.3640	53.542	0.075542	liquid
507.60	4.1079	4.4506	0.22469	41.301	42.224	97.861	224.79	340.63	225.98	2.3085	53.809	0.075686	liquid
507.60	4.1413	4.4620	0.22412	41.270	42.198	97.795	224.72	338.87	228.30	2.2556	54.070	0.075826	liquid
507.60	4.1746	4.4730	0.22356	41.240	42.173	97.731	224.66	337.19	230.57	2.2052	54.326	0.075963	liquid
507.60	4.2079	4.4838	0.22303	41.210	42.149	97.668	224.60	335.60	232.81	2.1569	54.577	0.076098	liquid
507.60	4.2412	4.4943	0.22250	41.181	42.125	97.607	224.54	334.08	235.00	2.1108	54.824	0.076229	liquid
507.60	4.2745	4.5046	0.22199	41.153	42.102	97.547	224.48	332.63	237.17	2.0665	55.066	0.076358	liquid
507.60	4.3078	4.5147	0.22150	41.125	42.079	97.487	224.43	331.24	239.29	2.0241	55.305	0.076484	liquid
507.60	4.3412	4.5246	0.22102	41.098	42.057	97.429	224.38	329.91	241.39	1.9834	55.539	0.076608	liquid
507.60	4.3745	4.5342	0.22055	41.071	42.036	97.372	224.32	328.64	243.45	1.9442	55.769	0.076729	liquid
507.60	4.4078	4.5437	0.22009	41.044	42.014	97.317	224.27	327.41	245.49	1.9066	55.996	0.076848	liquid
507.60	4.4411	4.5529	0.21964	41.018	41.994	97.262	224.23	326.24	247.49	1.8703	56.219	0.076965	liquid
507.60	4.4744	4.5620	0.21920	40.993	41.974	97.208	224.18	325.11	249.47	1.8354	56.439	0.077081	liquid
507.60	4.5077	4.5710	0.21877	40.968	41.954	97.155	224.13	324.03	251.42	1.8017	56.656	0.077194	liquid
507.60	4.5411	4.5797	0.21835	40.943	41.935	97.102	224.09	322.98	253.34	1.7691	56.870	0.077305	liquid
507.60	4.5744	4.5883	0.21794	40.919	41.916	97.051	224.05	321.98	255.24	1.7377	57.081	0.077415	liquid
507.60	4.6077	4.5968	0.21754	40.895	41.898	97.000	224.00	321.00	257.11	1.7074	57.289	0.077523	liquid
507.60	4.6410	4.6051	0.21715	40.872	41.880	96.950	223.96	320.06	258.96	1.6780	57.494	0.077629	liquid
507.60	4.6743	4.6133	0.21677	40.849	41.862	96.901	223.92	319.16	260.78	1.6496	57.696	0.077734	liquid
507.60	4.7076	4.6213	0.21639	40.826	41.844	96.853	223.88	318.28	262.59	1.6220	57.896	0.077837	liquid
507.60	4.7410	4.6292	0.21602	40.803	41.827	96.805	223.85	317.43	264.37	1.5954	58.094	0.077938	liquid
507.60	4.7743	4.6370	0.21566	40.781	41.811	96.758	223.81	316.61	266.13	1.5695	58.289	0.078039	liquid
507.60	4.8076	4.6447	0.21530	40.759	41.794	96.711	223.77	315.81	267.87	1.5444	58.482	0.078138	liquid
507.60	4.8409	4.6522	0.21495	40.738	41.778	96.666	223.74	315.04	269.60	1.5200	58.672	0.078235	liquid
507.60	4.8742	4.6596	0.21461	40.716	41.762	96.620	223.70	314.29	271.30	1.4964	58.861	0.078331	liquid
507.60	4.9075	4.6670	0.21427	40.695	41.747	96.576	223.67	313.56	272.98	1.4734	59.047	0.078426	liquid
507.60	4.9409	4.6742	0.21394	40.675	41.732	96.532	223.64	312.85	274.65	1.4510	59.231	0.078520	liquid
507.60	4.9742	4.6813	0.21362	40.654	41.717	96.488	223.61	312.17	276.30	1.4293	59.413	0.078613	liquid
507.60	5.0075	4.6883	0.21330	40.634	41.702	96.445	223.57	311.50	277.93	1.4081	59.594	0.078705	liquid
507.60	5.0408	4.6953	0.21298	40.614	41.687	96.402	223.54	310.85	279.55	1.3875	59.772	0.078795	liquid
507.60	5.0741	4.7021	0.21267	40.594	41.673	96.360	223.51	310.22	281.14	1.3674	59.949	0.078885	liquid
507.60	5.1074	4.7088	0.21237	40.574	41.659	96.319	223.48	309.60	282.73	1.3479	60.124	0.078973	liquid
507.60	5.1408	4.7155	0.21207	40.555	41.645	96.278	223.45	309.00	284.30	1.3288	60.297	0.079061	liquid
507.60	5.1741	4.7221	0.21177	40.536	41.632	96.237	223.43	308.42	285.85	1.3102	60.469	0.079147	liquid
507.60	5.2074	4.7286	0.21148	40.517	41.618	96.197	223.40	307.85	287.39	1.2921	60.639	0.079233	liquid
507.60	5.2407	4.7350	0.21119	40.498	41.605	96.157	223.37	307.29	288.91	1.2744	60.807	0.079317	liquid
507.60	5.2740	4.7413	0.21091	40.480	41.592	96.118	223.35	306.75	290.42	1.2571	60.974	0.079401	liquid
507.60	5.3073	4.7476	0.21063	40.462	41.580	96.079	223.32	306.22	291.92	1.2403	61.140	0.079484	liquid
507.60	5.3407	4.7537	0.21036	40.444	41.567	96.040	223.29	305.70	293.40	1.2238	61.303	0.079566	liquid
507.60	5.3740	4.7599	0.21009	40.426	41.555	96.002	223.27	305.20	294.87	1.2077	61.466	0.079647	liquid
507.60	5.4073	4.7659	0.20982	40.408	41.542	95.964	223.24	304.70	296.33	1.1920	61.627	0.079728	liquid
507.60	5.4406	4.7719	0.20956	40.390	41.530	95.927	223.22	304.22	297.77	1.1766	61.787	0.079807	liquid
507.60	5.4739	4.7778	0.20930	40.373	41.519	95.890	223.20	303.75	299.21	1.1615	61.945	0.079886	liquid
507.60	5.5072	4.7836	0.20905	40.356	41.507	95.853	223.17	303.29	300.63	1.1468	62.102	0.079964	liquid
507.60	5.5406	4.7894	0.20879	40.339	41.495	95.817	223.15	302.84	302.04	1.1324	62.258	0.080042	liquid
507.60	5.5739	4.7951	0.20854	40.322	41.484	95.781	223.13	302.39	303.44	1.1183	62.413	0.080119	liquid
507.60	5.6072	4.8008	0.20830	40.305	41.473	95.745	223.11	301.96	304.82	1.1045	62.566	0.080195	liquid
507.60	5.6405	4.8064	0.20806	40.288	41.462	95.710	223.09	301.54	306.20	1.0909	62.719	0.080270	liquid
507.60	5.6738	4.8119	0.20782	40.272	41.451	95.674	223.06	301.12	307.57	1.0777	62.870	0.080345	liquid
507.60	5.7071	4.8174	0.20758	40.256	41.440	95.640	223.04	300.72	308.92	1.0647	63.020	0.080419	liquid
507.60	5.7405	4.8229	0.20735	40.239	41.430	95.605	223.02	300.32	310.27	1.0520	63.169	0.080493	liquid
507.60	5.7738	4.8282	0.20711	40.223	41.419	95.571	223.00	299.93	311.60	1.0395	63.316	0.080565	liquid
507.60	5.8071	4.8336	0.20689	40.207	41.409	95.537	222.98	299.54	312.93	1.0272	63.463	0.080638	liquid
507.60	5.8404	4.8389	0.20666	40.192	41.399	95.503	222.96	299.17	314.24	1.0152	63.609	0.080709	liquid
507.60	5.8737	4.8441	0.20644	40.176	41.389	95.470	222.94	298.80	315.55	1.0034	63.754	0.080781	liquid
507.60	5.9070	4.8493	0.20622	40.161	41.379	95.437	222.93	298.44	316.84	0.99188	63.897	0.080851	liquid
507.60	5.9404	4.8544	0.20600	40.145	41.369	95.404	222.91	298.08	318.13	0.98053	64.040	0.080921	liquid
507.60	5.9737	4.8595	0.20578	40.130	41.359	95.372	222.89	297.73	319.41	0.96939	64.182	0.080991	liquid
507.60	6.0070	4.8645	0.20557	40.115	41.350	95.339	222.87	297.39	320.68	0.95845	64.323	0.081060	liquid
507.60	6.0403	4.8695	0.20536	40.100	41.340	95.307	222.85	297.05	321.94	0.94771	64.462	0.081128	liquid
507.60	6.0736	4.8745	0.20515	40.085	41.331	95.275	222.84	296.72	323.19	0.93716	64.601	0.081196	liquid
507.60	6.1069	4.8794	0.20494	40.070	41.322	95.244	222.82	296.40	324.44	0.92679	64.739	0.081263	liquid
507.60	6.1403	4.8842	0.20474	40.055	41.313	95.212	222.80	296.08	325.67	0.91660	64.877	0.081330	liquid
507.60	6.1736	4.8891	0.20454	40.041	41.304	95.181	222.79	295.77	326.90	0.90659	65.013	0.081397	liquid
507.60	6.2069	4.8938	0.20434	40.026	41.295	95.150	222.77	295.46	328.12	0.89674	65.149	0.081463	liquid
507.60	6.2402	4.8986	0.20414	40.012	41.286	95.120	222.75	295.15	329.33	0.88707	65.283	0.081528	liquid
507.60	6.2735	4.9033	0.20394	39.998	41.277	95.089	222.74	294.86	330.54	0.87755	65.417	0.081594	liquid
507.60	6.3068	4.9080	0.20375	39.984	41.269	95.059	222.72	294.56	331.73	0.86819	65.550	0.081658	liquid
507.60	6.3402	4.9126	0.20356	39.970	41.260	95.029	222.71	294.27	332.92	0.85898	65.683	0.081722	liquid
507.60	6.3735	4.9172	0.20337	39.956	41.252	94.999	222.69	293.99	334.11	0.84992	65.814	0.081786	liquid
507.60	6.4068	4.9217	0.20318	39.942	41.244	94.969	222.68	293.71	335.28	0.84101	65.945	0.081850	liquid
507.60	6.4401	4.9262	0.20299	39.928	41.235	94.940	222.66	293.44	336.45	0.83224	66.075	0.081913	liquid
507.60	6.4734	4.9307	0.20281	39.914	41.227	94.911	222.65	293.16	337.61	0.82360	66.204	0.081975	liquid
507.60	6.5067	4.9352	0.20263	39.901	41.219	94.881	222.63	292.90	338.76	0.81510	66.333	0.082037	liquid
507.60	6.5401	4.9396	0.20245	39.887	41.211	94.853	222.62	292.63	339.91	0.80673	66.461	0.082099	liquid
507.60	6.5734	4.9440	0.20227	39.874	41.204	94.824	222.61	292.38	341.05	0.79849	66.588	0.082161	liquid
507.60	6.6067	4.9483	0.20209	39.861	41.196	94.795	222.59	292.12	342.19	0.79037	66.714	0.082222	liquid
507.60	6.6400	4.9526	0.20191	39.847	41.188	94.767	222.58	291.87	343.31	0.78238	66.840	0.082282	liquid
507.60	6.6733	4.9569	0.20174	39.834	41.181	94.739	222.56	291.62	344.43	0.77450	66.965	0.082343	liquid
507.60	6.7066	4.9612	0.20157	39.821	41.173	94.711	222.55	291.38	345.55	0.76674	67.090	0.082403	liquid
507.60	6.7400	4.9654	0.20139	39.808	41.166	94.683	222.54	291.14	346.66	0.75909	67.214	0.082462	liquid
507.60	6.7733	4.9696	0.20122	39.795	41.158	94.656	222.53	290.90	347.76	0.75156	67.337	0.082521	liquid
507.60	6.8066	4.9738	0.20106	39.783	41.151	94.628	222.51	290.67	348.86	0.74413	67.460	0.082580	liquid
507.60	6.8399	4.9779	0.20089	39.770	41.144	94.601	222.50	290.44	349.95	0.73681	67.582	0.082639	liquid
507.60	6.8732	4.9820	0.20072	39.757	41.137	94.574	222.49	290.21	351.03	0.72959	67.703	0.082697	liquid
507.60	6.9065	4.9861	0.20056	39.745	41.130	94.547	222.48	289.98	352.11	0.72247	67.824	0.082755	liquid
507.60	6.9399	4.9901	0.20040	39.732	41.123	94.520	222.46	289.76	353.19	0.71545	67.944	0.082813	liquid
507.60	6.9732	4.9942	0.20023	39.720	41.116	94.493	222.45	289.55	354.26	0.70852	68.063	0.082870	liquid
507.60	7.0065	4.9982	0.20007	39.707	41.109	94.467	222.44	289.33	355.32	0.70170	68.182	0.082927	liquid
507.60	7.0398	5.0021	0.19992	39.695	41.103	94.440	222.43	289.12	356.38	0.69496	68.301	0.082983	liquid
507.60	7.0731	5.0061	0.19976	39.683	41.096	94.414	222.42	288.91	357.43	0.68831	68.419	0.083040	liquid
507.60	7.1064	5.0100	0.19960	39.671	41.089	94.388	222.41	288.70	358.47	0.68176	68.536	0.083096	liquid
507.60	7.1398	5.0139	0.19945	39.659	41.083	94.362	222.40	288.50	359.52	0.67529	68.653	0.083152	liquid
507.60	7.1731	5.0177	0.19929	39.647	41.076	94.336	222.39	288.30	360.55	0.66890	68.769	0.083207	liquid
507.60	7.2064	5.0216	0.19914	39.635	41.070	94.310	222.37	288.10	361.58	0.66260	68.885	0.083262	liquid
507.60	7.2397	5.0254	0.19899	39.623	41.064	94.285	222.36	287.90	362.61	0.65638	69.000	0.083317	liquid
507.60	7.2730	5.0292	0.19884	39.611	41.057	94.259	222.35	287.71	363.63	0.65024	69.115	0.083372	liquid
507.60	7.3063	5.0330	0.19869	39.599	41.051	94.234	222.34	287.51	364.65	0.64417	69.229	0.083426	liquid
507.60	7.3397	5.0367	0.19854	39.588	41.045	94.209	222.33	287.32	365.66	0.63819	69.343	0.083480	liquid
507.60	7.3730	5.0404	0.19840	39.576	41.039	94.184	222.32	287.14	366.66	0.63228	69.456	0.083534	liquid
507.60	7.4063	5.0441	0.19825	39.565	41.033	94.159	222.31	286.95	367.67	0.62644	69.569	0.083588	liquid
507.60	7.4396	5.0478	0.19810	39.553	41.027	94.134	222.30	286.77	368.66	0.62067	69.681	0.083641	liquid
507.60	7.4729	5.0515	0.19796	39.542	41.021	94.110	222.29	286.59	369.66	0.61498	69.793	0.083694	liquid
507.60	7.5062	5.0551	0.19782	39.530	41.015	94.085	222.28	286.41	370.64	0.60935	69.904	0.083747	liquid
507.60	7.5396	5.0587	0.19768	39.519	41.009	94.061	222.27	286.23	371.63	0.60379	70.015	0.083800	liquid
507.60	7.5729	5.0623	0.19754	39.508	41.004	94.037	222.26	286.06	372.61	0.59830	70.125	0.083852	liquid
507.60	7.6062	5.0659	0.19740	39.497	40.998	94.013	222.26	285.89	373.58	0.59287	70.235	0.083904	liquid
507.60	7.6395	5.0695	0.19726	39.485	40.992	93.989	222.25	285.72	374.55	0.58751	70.345	0.083956	liquid
507.60	7.6728	5.0730	0.19712	39.474	40.987	93.965	222.24	285.55	375.52	0.58221	70.454	0.084007	liquid
507.60	7.7061	5.0765	0.19699	39.463	40.981	93.941	222.23	285.38	376.48	0.57698	70.562	0.084059	liquid
507.60	7.7395	5.0800	0.19685	39.452	40.976	93.917	222.22	285.22	377.44	0.57180	70.671	0.084110	liquid
507.60	7.7728	5.0835	0.19672	39.441	40.970	93.894	222.21	285.06	378.39	0.56668	70.778	0.084161	liquid
507.60	7.8061	5.0869	0.19658	39.431	40.965	93.870	222.20	284.90	379.34	0.56162	70.886	0.084212	liquid
507.60	7.8394	5.0904	0.19645	39.420	40.960	93.847	222.19	284.74	380.29	0.55662	70.993	0.084262	liquid
507.60	7.8727	5.0938	0.19632	39.409	40.955	93.824	222.18	284.58	381.23	0.55168	71.099	0.084312	liquid
507.60	7.9060	5.0972	0.19619	39.398	40.949	93.800	222.18	284.42	382.17	0.54679	71.205	0.084362	liquid
507.60	7.9394	5.1006	0.19606	39.388	40.944	93.777	222.17	284.27	383.10	0.54195	71.311	0.084412	liquid
507.60	7.9727	5.1039	0.19593	39.377	40.939	93.754	222.16	284.12	384.03	0.53717	71.416	0.084462	liquid
507.60	8.0060	5.1073	0.19580	39.366	40.934	93.732	222.15	283.97	384.96	0.53244	71.521	0.084511	liquid
507.60	8.0393	5.1106	0.19567	39.356	40.929	93.709	222.14	283.82	385.88	0.52776	71.626	0.084561	liquid
507.60	8.0726	5.1139	0.19555	39.345	40.924	93.686	222.14	283.67	386.80	0.52314	71.730	0.084610	liquid
507.60	8.1059	5.1172	0.19542	39.335	40.919	93.664	222.13	283.52	387.71	0.51856	71.834	0.084658	liquid
507.60	8.1393	5.1205	0.19529	39.325	40.914	93.641	222.12	283.38	388.62	0.51403	71.937	0.084707	liquid
507.60	8.1726	5.1237	0.19517	39.314	40.909	93.619	222.11	283.24	389.53	0.50955	72.040	0.084755	liquid
507.60	8.2059	5.1270	0.19505	39.304	40.905	93.597	222.10	283.09	390.44	0.50512	72.143	0.084804	liquid
507.60	8.2392	5.1302	0.19492	39.294	40.900	93.575	222.10	282.95	391.34	0.50073	72.245	0.084852	liquid
507.60	8.2725	5.1334	0.19480	39.284	40.895	93.553	222.09	282.81	392.23	0.49639	72.347	0.084900	liquid
507.60	8.3058	5.1366	0.19468	39.273	40.890	93.531	222.08	282.68	393.13	0.49210	72.448	0.084947	liquid
507.60	8.3392	5.1398	0.19456	39.263	40.886	93.509	222.08	282.54	394.02	0.48785	72.550	0.084995	liquid
507.60	8.3725	5.1429	0.19444	39.253	40.881	93.487	222.07	282.41	394.90	0.48364	72.650	0.085042	liquid
507.60	8.4058	5.1461	0.19432	39.243	40.877	93.465	222.06	282.27	395.79	0.47947	72.751	0.085089	liquid
507.60	8.4391	5.1492	0.19421	39.233	40.872	93.444	222.05	282.14	396.67	0.47535	72.851	0.085136	liquid
507.60	8.4724	5.1523	0.19409	39.223	40.868	93.422	222.05	282.01	397.54	0.47127	72.951	0.085183	liquid
507.60	8.5057	5.1554	0.19397	39.214	40.863	93.401	222.04	281.88	398.42	0.46723	73.051	0.085230	liquid
507.60	8.5391	5.1585	0.19385	39.204	40.859	93.379	222.03	281.75	399.29	0.46323	73.150	0.085276	liquid
507.60	8.5724	5.1616	0.19374	39.194	40.855	93.358	222.03	281.62	400.15	0.45927	73.249	0.085322	liquid
507.60	8.6057	5.1646	0.19363	39.184	40.850	93.337	222.02	281.50	401.02	0.45535	73.347	0.085368	liquid
507.60	8.6390	5.1677	0.19351	39.174	40.846	93.316	222.01	281.37	401.88	0.45147	73.445	0.085414	liquid
507.60	8.6723	5.1707	0.19340	39.165	40.842	93.295	222.01	281.25	402.73	0.44762	73.543	0.085460	liquid
507.60	8.7057	5.1737	0.19329	39.155	40.838	93.274	222.00	281.13	403.59	0.44381	73.641	0.085506	liquid
507.60	8.7390	5.1767	0.19317	39.146	40.834	93.253	221.99	281.01	404.44	0.44004	73.738	0.085551	liquid
507.60	8.7723	5.1797	0.19306	39.136	40.830	93.232	221.99	280.89	405.29	0.43630	73.835	0.085596	liquid
507.60	8.8056	5.1827	0.19295	39.126	40.825	93.212	221.98	280.77	406.13	0.43260	73.932	0.085641	liquid
507.60	8.8389	5.1856	0.19284	39.117	40.821	93.191	221.98	280.65	406.97	0.42894	74.028	0.085686	liquid
507.60	8.8722	5.1886	0.19273	39.108	40.817	93.171	221.97	280.53	407.81	0.42531	74.124	0.085731	liquid
507.60	8.9056	5.1915	0.19262	39.098	40.814	93.150	221.96	280.42	408.65	0.42171	74.220	0.085776	liquid
507.60	8.9389	5.1944	0.19251	39.089	40.810	93.130	221.96	280.30	409.48	0.41815	74.315	0.085820	liquid
507.60	8.9722	5.1973	0.19241	39.079	40.806	93.110	221.95	280.19	410.31	0.41462	74.410	0.085865	liquid
507.60	9.0055	5.2002	0.19230	39.070	40.802	93.089	221.95	280.07	411.14	0.41112	74.505	0.085909	liquid
507.60	9.0388	5.2031	0.19219	39.061	40.798	93.069	221.94	279.96	411.97	0.40765	74.600	0.085953	liquid
507.60	9.0721	5.2060	0.19209	39.052	40.794	93.049	221.93	279.85	412.79	0.40422	74.694	0.085997	liquid
507.60	9.1055	5.2088	0.19198	39.042	40.790	93.029	221.93	279.74	413.61	0.40082	74.788	0.086041	liquid
507.60	9.1388	5.2117	0.19188	39.033	40.787	93.009	221.92	279.63	414.43	0.39744	74.882	0.086084	liquid
507.60	9.1721	5.2145	0.19177	39.024	40.783	92.989	221.92	279.52	415.24	0.39410	74.975	0.086128	liquid
507.60	9.2054	5.2173	0.19167	39.015	40.779	92.970	221.91	279.42	416.05	0.39079	75.069	0.086171	liquid
507.60	9.2387	5.2201	0.19157	39.006	40.776	92.950	221.91	279.31	416.86	0.38750	75.162	0.086214	liquid
507.60	9.2720	5.2229	0.19146	38.997	40.772	92.930	221.90	279.20	417.67	0.38425	75.254	0.086257	liquid
507.60	9.3054	5.2257	0.19136	38.988	40.769	92.911	221.89	279.10	418.47	0.38102	75.347	0.086300	liquid
507.60	9.3387	5.2285	0.19126	38.979	40.765	92.891	221.89	279.00	419.27	0.37782	75.439	0.086343	liquid
507.60	9.3720	5.2312	0.19116	38.970	40.762	92.872	221.88	278.89	420.07	0.37465	75.531	0.086386	liquid
507.60	9.4053	5.2340	0.19106	38.961	40.758	92.852	221.88	278.79	420.86	0.37151	75.622	0.086428	liquid
507.60	9.4386	5.2367	0.19096	38.952	40.755	92.833	221.87	278.69	421.66	0.36840	75.714	0.086471	liquid
507.60	9.4719	5.2394	0.19086	38.944	40.751	92.814	221.87	278.59	422.45	0.36531	75.805	0.086513	liquid
507.60	9.5053	5.2421	0.19076	38.935	40.748	92.795	221.86	278.49	423.24	0.36224	75.896	0.086555	liquid
507.60	9.5386	5.2448	0.19066	38.926	40.745	92.775	221.86	278.39	424.02	0.35921	75.986	0.086597	liquid
507.60	9.5719	5.2475	0.19057	38.917	40.741	92.756	221.85	278.29	424.80	0.35620	76.077	0.086639	liquid
507.60	9.6052	5.2502	0.19047	38.909	40.738	92.737	221.85	278.20	425.59	0.35321	76.167	0.086681	liquid
507.60	9.6385	5.2529	0.19037	38.900	40.735	92.719	221.84	278.10	426.36	0.35025	76.256	0.086722	liquid
507.60	9.6718	5.2556	0.19028	38.891	40.732	92.700	221.84	278.00	427.14	0.34731	76.346	0.086764	liquid
507.60	9.7052	5.2582	0.19018	38.883	40.728	92.681	221.83	277.91	427.91	0.34440	76.435	0.086805	liquid
507.60	9.7385	5.2608	0.19008	38.874	40.725	92.662	221.83	277.82	428.68	0.34151	76.525	0.086846	liquid
507.60	9.7718	5.2635	0.18999	38.865	40.722	92.643	221.82	277.72	429.45	0.33865	76.614	0.086888	liquid
507.60	9.8051	5.2661	0.18989	38.857	40.719	92.625	221.82	277.63	430.22	0.33580	76.702	0.086929	liquid
507.60	9.8384	5.2687	0.18980	38.848	40.716	92.606	221.82	277.54	430.98	0.33299	76.791	0.086970	liquid
507.60	9.8717	5.2713	0.18971	38.840	40.713	92.588	221.81	277.45	431.75	0.33019	76.879	0.087010	liquid
507.60	9.9051	5.2739	0.18961	38.832	40.710	92.569	221.81	277.36	432.51	0.32742	76.967	0.087051	liquid
507.60	9.9384	5.2765	0.18952	38.823	40.707	92.551	221.80	277.27	433.26	0.32467	77.055	0.087092	liquid
507.60	9.9717	5.2790	0.18943	38.815	40.704	92.533	221.80	277.18	434.02	0.32194	77.142	0.087132	liquid
507.60	10.005	5.2816	0.18934	38.806	40.701	92.514	221.79	277.09	434.77	0.31923	77.229	0.087172	liquid
507.60	10.038	5.2841	0.18925	38.798	40.698	92.496	221.79	277.00	435.52	0.31654	77.316	0.087213	liquid
507.60	10.072	5.2867	0.18915	38.790	40.695	92.478	221.78	276.91	436.27	0.31388	77.403	0.087253	liquid
507.60	10.105	5.2892	0.18906	38.782	40.692	92.460	221.78	276.83	437.02	0.31123	77.490	0.087293	liquid
507.60	10.138	5.2917	0.18897	38.773	40.689	92.442	221.78	276.74	437.76	0.30861	77.576	0.087333	liquid
507.60	10.172	5.2943	0.18888	38.765	40.686	92.424	221.77	276.65	438.50	0.30600	77.663	0.087372	liquid
507.60	10.205	5.2968	0.18879	38.757	40.683	92.406	221.77	276.57	439.25	0.30342	77.749	0.087412	liquid
507.60	10.238	5.2993	0.18871	38.749	40.681	92.388	221.76	276.49	439.98	0.30086	77.834	0.087452	liquid
507.60	10.272	5.3017	0.18862	38.741	40.678	92.370	221.76	276.40	440.72	0.29831	77.920	0.087491	liquid
507.60	10.305	5.3042	0.18853	38.732	40.675	92.353	221.76	276.32	441.45	0.29579	78.005	0.087531	liquid
507.60	10.338	5.3067	0.18844	38.724	40.673	92.335	221.75	276.24	442.19	0.29328	78.091	0.087570	liquid
507.60	10.371	5.3091	0.18835	38.716	40.670	92.317	221.75	276.16	442.92	0.29080	78.175	0.087609	liquid
507.60	10.405	5.3116	0.18827	38.708	40.667	92.300	221.74	276.07	443.64	0.28833	78.260	0.087648	liquid
507.60	10.438	5.3140	0.18818	38.700	40.665	92.282	221.74	275.99	444.37	0.28588	78.345	0.087687	liquid
507.60	10.471	5.3165	0.18809	38.692	40.662	92.265	221.74	275.91	445.09	0.28345	78.429	0.087726	liquid
507.60	10.505	5.3189	0.18801	38.684	40.659	92.247	221.73	275.83	445.82	0.28103	78.513	0.087765	liquid
507.60	10.538	5.3213	0.18792	38.676	40.657	92.230	221.73	275.76	446.54	0.27864	78.597	0.087803	liquid
507.60	10.571	5.3237	0.18784	38.668	40.654	92.212	221.72	275.68	447.25	0.27626	78.681	0.087842	liquid
507.60	10.605	5.3261	0.18775	38.661	40.652	92.195	221.72	275.60	447.97	0.27390	78.765	0.087880	liquid
507.60	10.638	5.3285	0.18767	38.653	40.649	92.178	221.72	275.52	448.68	0.27155	78.848	0.087919	liquid
507.60	10.671	5.3309	0.18759	38.645	40.647	92.161	221.71	275.45	449.40	0.26923	78.931	0.087957	liquid
507.60	10.705	5.3333	0.18750	38.637	40.644	92.143	221.71	275.37	450.11	0.26692	79.014	0.087995	liquid
507.60	10.738	5.3356	0.18742	38.629	40.642	92.126	221.71	275.29	450.82	0.26462	79.097	0.088033	liquid
507.60	10.771	5.3380	0.18734	38.621	40.639	92.109	221.70	275.22	451.52	0.26235	79.180	0.088071	liquid
507.60	10.805	5.3403	0.18725	38.614	40.637	92.092	221.70	275.14	452.23	0.26009	79.262	0.088109	liquid
507.60	10.838	5.3427	0.18717	38.606	40.635	92.075	221.70	275.07	452.93	0.25784	79.344	0.088147	liquid
507.60	10.871	5.3450	0.18709	38.598	40.632	92.058	221.69	275.00	453.63	0.25561	79.426	0.088185	liquid
507.60	10.905	5.3473	0.18701	38.591	40.630	92.041	221.69	274.92	454.33	0.25340	79.508	0.088222	liquid
507.60	10.938	5.3497	0.18693	38.583	40.628	92.025	221.69	274.85	455.03	0.25120	79.590	0.088260	liquid
507.60	10.971	5.3520	0.18685	38.575	40.625	92.008	221.68	274.78	455.72	0.24902	79.671	0.088297	liquid
507.60	11.005	5.3543	0.18677	38.568	40.623	91.991	221.68	274.71	456.42	0.24685	79.753	0.088335	liquid
507.60	11.038	5.3566	0.18669	38.560	40.621	91.974	221.68	274.63	457.11	0.24470	79.834	0.088372	liquid
507.60	11.071	5.3589	0.18661	38.553	40.619	91.958	221.67	274.56	457.80	0.24257	79.915	0.088409	liquid
507.60	11.104	5.3611	0.18653	38.545	40.616	91.941	221.67	274.49	458.49	0.24044	79.996	0.088446	liquid
507.60	11.138	5.3634	0.18645	38.538	40.614	91.925	221.67	274.42	459.18	0.23834	80.076	0.088483	liquid
507.60	11.171	5.3657	0.18637	38.530	40.612	91.908	221.66	274.35	459.86	0.23624	80.157	0.088520	liquid
507.60	11.204	5.3679	0.18629	38.523	40.610	91.892	221.66	274.28	460.55	0.23416	80.237	0.088557	liquid
507.60	11.238	5.3702	0.18621	38.515	40.608	91.875	221.66	274.22	461.23	0.23210	80.317	0.088594	liquid
507.60	11.271	5.3724	0.18614	38.508	40.606	91.859	221.65	274.15	461.91	0.23005	80.397	0.088630	liquid
507.60	11.304	5.3747	0.18606	38.500	40.604	91.843	221.65	274.08	462.59	0.22801	80.477	0.088667	liquid
507.60	11.338	5.3769	0.18598	38.493	40.601	91.826	221.65	274.01	463.26	0.22599	80.557	0.088703	liquid
507.60	11.371	5.3791	0.18590	38.485	40.599	91.810	221.64	273.95	463.94	0.22398	80.636	0.088740	liquid
507.60	11.404	5.3813	0.18583	38.478	40.597	91.794	221.64	273.88	464.61	0.22198	80.715	0.088776	liquid
507.60	11.438	5.3835	0.18575	38.471	40.595	91.778	221.64	273.81	465.28	0.21999	80.794	0.088812	liquid
507.60	11.471	5.3858	0.18568	38.463	40.593	91.761	221.64	273.75	465.95	0.21802	80.873	0.088849	liquid
507.60	11.504	5.3879	0.18560	38.456	40.591	91.745	221.63	273.68	466.62	0.21607	80.952	0.088885	liquid
507.60	11.538	5.3901	0.18552	38.449	40.589	91.729	221.63	273.62	467.29	0.21412	81.031	0.088921	liquid
507.60	11.571	5.3923	0.18545	38.442	40.587	91.713	221.63	273.55	467.96	0.21219	81.109	0.088957	liquid
507.60	11.604	5.3945	0.18537	38.434	40.586	91.697	221.62	273.49	468.62	0.21027	81.188	0.088993	liquid
507.60	11.638	5.3967	0.18530	38.427	40.584	91.681	221.62	273.43	469.28	0.20836	81.266	0.089028	liquid
507.60	11.671	5.3988	0.18523	38.420	40.582	91.666	221.62	273.36	469.94	0.20647	81.344	0.089064	liquid
507.60	11.704	5.4010	0.18515	38.413	40.580	91.650	221.62	273.30	470.60	0.20458	81.422	0.089100	liquid
507.60	11.737	5.4031	0.18508	38.406	40.578	91.634	221.61	273.24	471.26	0.20271	81.499	0.089135	liquid
507.60	11.771	5.4053	0.18500	38.399	40.576	91.618	221.61	273.17	471.92	0.20085	81.577	0.089171	liquid
507.60	11.804	5.4074	0.18493	38.391	40.574	91.602	221.61	273.11	472.57	0.19901	81.654	0.089206	liquid
507.60	11.837	5.4095	0.18486	38.384	40.573	91.587	221.61	273.05	473.23	0.19717	81.732	0.089241	liquid
507.60	11.871	5.4117	0.18479	38.377	40.571	91.571	221.60	272.99	473.88	0.19535	81.809	0.089277	liquid
507.60	11.904	5.4138	0.18471	38.370	40.569	91.556	221.60	272.93	474.53	0.19353	81.886	0.089312	liquid
507.60	11.937	5.4159	0.18464	38.363	40.567	91.540	221.60	272.87	475.18	0.19173	81.962	0.089347	liquid
507.60	11.971	5.4180	0.18457	38.356	40.566	91.524	221.60	272.81	475.82	0.18994	82.039	0.089382	liquid
507.60	12.004	5.4201	0.18450	38.349	40.564	91.509	221.59	272.75	476.47	0.18817	82.115	0.089417	liquid
507.60	12.037	5.4222	0.18443	38.342	40.562	91.493	221.59	272.69	477.11	0.18640	82.192	0.089452	liquid
507.60	12.071	5.4243	0.18436	38.335	40.560	91.478	221.59	272.63	477.76	0.18464	82.268	0.089487	liquid
507.60	12.104	5.4264	0.18429	38.328	40.559	91.463	221.59	272.57	478.40	0.18289	82.344	0.089522	liquid
507.60	12.137	5.4284	0.18422	38.321	40.557	91.447	221.58	272.51	479.04	0.18116	82.420	0.089556	liquid
507.60	12.171	5.4305	0.18414	38.314	40.555	91.432	221.58	272.46	479.68	0.17943	82.496	0.089591	liquid
507.60	12.204	5.4326	0.18407	38.307	40.554	91.417	221.58	272.40	480.32	0.17772	82.571	0.089625	liquid
507.60	12.237	5.4346	0.18401	38.300	40.552	91.401	221.58	272.34	480.95	0.17602	82.647	0.089660	liquid
507.60	12.271	5.4367	0.18394	38.294	40.551	91.386	221.57	272.28	481.59	0.17432	82.722	0.089694	liquid
507.60	12.304	5.4387	0.18387	38.287	40.549	91.371	221.57	272.23	482.22	0.17264	82.797	0.089729	liquid
507.60	12.337	5.4408	0.18380	38.280	40.547	91.356	221.57	272.17	482.85	0.17097	82.873	0.089763	liquid
507.60	12.370	5.4428	0.18373	38.273	40.546	91.341	221.57	272.12	483.48	0.16930	82.947	0.089797	liquid
507.60	12.404	5.4448	0.18366	38.266	40.544	91.326	221.56	272.06	484.11	0.16765	83.022	0.089831	liquid
507.60	12.437	5.4468	0.18359	38.260	40.543	91.311	221.56	272.00	484.74	0.16601	83.097	0.089865	liquid
507.60	12.470	5.4489	0.18352	38.253	40.541	91.296	221.56	271.95	485.36	0.16437	83.171	0.089899	liquid
507.60	12.504	5.4509	0.18346	38.246	40.540	91.281	221.56	271.89	485.99	0.16275	83.246	0.089933	liquid
507.60	12.537	5.4529	0.18339	38.239	40.538	91.266	221.56	271.84	486.61	0.16113	83.320	0.089967	liquid
507.60	12.570	5.4549	0.18332	38.233	40.537	91.251	221.55	271.79	487.23	0.15953	83.394	0.090001	liquid
507.60	12.604	5.4569	0.18325	38.226	40.536	91.236	221.55	271.73	487.86	0.15793	83.468	0.090035	liquid
507.60	12.637	5.4589	0.18319	38.219	40.534	91.221	221.55	271.68	488.48	0.15635	83.542	0.090069	liquid
507.60	12.670	5.4609	0.18312	38.213	40.533	91.206	221.55	271.63	489.09	0.15477	83.616	0.090102	liquid
507.60	12.704	5.4628	0.18306	38.206	40.531	91.192	221.54	271.57	489.71	0.15320	83.689	0.090136	liquid
507.60	12.737	5.4648	0.18299	38.199	40.530	91.177	221.54	271.52	490.33	0.15164	83.763	0.090169	liquid
507.60	12.770	5.4668	0.18292	38.193	40.529	91.162	221.54	271.47	490.94	0.15009	83.836	0.090203	liquid
507.60	12.804	5.4687	0.18286	38.186	40.527	91.148	221.54	271.41	491.55	0.14855	83.909	0.090236	liquid
507.60	12.837	5.4707	0.18279	38.179	40.526	91.133	221.54	271.36	492.17	0.14702	83.983	0.090269	liquid
507.60	12.870	5.4726	0.18273	38.173	40.525	91.118	221.53	271.31	492.78	0.14549	84.056	0.090303	liquid
507.60	12.904	5.4746	0.18266	38.166	40.523	91.104	221.53	271.26	493.39	0.14398	84.128	0.090336	liquid
507.60	12.937	5.4765	0.18260	38.160	40.522	91.089	221.53	271.21	493.99	0.14247	84.201	0.090369	liquid
507.60	12.970	5.4785	0.18253	38.153	40.521	91.075	221.53	271.16	494.60	0.14097	84.274	0.090402	liquid
507.60	13.004	5.4804	0.18247	38.147	40.519	91.060	221.53	271.11	495.21	0.13948	84.346	0.090435	liquid
507.60	13.037	5.4823	0.18240	38.140	40.518	91.046	221.53	271.06	495.81	0.13800	84.418	0.090468	liquid
507.60	13.070	5.4843	0.18234	38.134	40.517	91.031	221.52	271.01	496.42	0.13653	84.491	0.090501	liquid
507.60	13.103	5.4862	0.18228	38.127	40.516	91.017	221.52	270.96	497.02	0.13506	84.563	0.090534	liquid
507.60	13.137	5.4881	0.18221	38.121	40.515	91.003	221.52	270.91	497.62	0.13361	84.635	0.090567	liquid
507.60	13.170	5.4900	0.18215	38.114	40.513	90.988	221.52	270.86	498.22	0.13216	84.707	0.090599	liquid
507.60	13.203	5.4919	0.18209	38.108	40.512	90.974	221.52	270.81	498.82	0.13072	84.778	0.090632	liquid
507.60	13.237	5.4938	0.18202	38.102	40.511	90.960	221.51	270.76	499.41	0.12928	84.850	0.090665	liquid
507.60	13.270	5.4957	0.18196	38.095	40.510	90.946	221.51	270.71	500.01	0.12786	84.921	0.090697	liquid
507.60	13.303	5.4976	0.18190	38.089	40.509	90.931	221.51	270.66	500.61	0.12644	84.993	0.090730	liquid
507.60	13.337	5.4995	0.18184	38.082	40.508	90.917	221.51	270.62	501.20	0.12503	85.064	0.090762	liquid
507.60	13.370	5.5013	0.18177	38.076	40.506	90.903	221.51	270.57	501.79	0.12363	85.135	0.090795	liquid
507.60	13.403	5.5032	0.18171	38.070	40.505	90.889	221.51	270.52	502.38	0.12224	85.206	0.090827	liquid
507.60	13.437	5.5051	0.18165	38.063	40.504	90.875	221.50	270.47	502.97	0.12085	85.277	0.090859	liquid
507.60	13.470	5.5069	0.18159	38.057	40.503	90.861	221.50	270.43	503.56	0.11947	85.348	0.090891	liquid
507.60	13.503	5.5088	0.18153	38.051	40.502	90.847	221.50	270.38	504.15	0.11810	85.419	0.090924	liquid
507.60	13.537	5.5106	0.18147	38.045	40.501	90.833	221.50	270.33	504.74	0.11673	85.489	0.090956	liquid
507.60	13.570	5.5125	0.18141	38.038	40.500	90.819	221.50	270.29	505.32	0.11537	85.560	0.090988	liquid
507.60	13.603	5.5143	0.18135	38.032	40.499	90.805	221.50	270.24	505.91	0.11402	85.630	0.091020	liquid
507.60	13.637	5.5162	0.18128	38.026	40.498	90.791	221.49	270.19	506.49	0.11268	85.700	0.091052	liquid
507.60	13.670	5.5180	0.18122	38.020	40.497	90.777	221.49	270.15	507.07	0.11135	85.770	0.091084	liquid
507.60	13.703	5.5199	0.18116	38.013	40.496	90.763	221.49	270.10	507.66	0.11002	85.840	0.091116	liquid
507.60	13.736	5.5217	0.18110	38.007	40.495	90.749	221.49	270.06	508.24	0.10869	85.910	0.091147	liquid
507.60	13.770	5.5235	0.18104	38.001	40.494	90.736	221.49	270.01	508.81	0.10738	85.980	0.091179	liquid
507.60	13.803	5.5253	0.18099	37.995	40.493	90.722	221.49	269.97	509.39	0.10607	86.050	0.091211	liquid
507.60	13.836	5.5271	0.18093	37.989	40.492	90.708	221.48	269.92	509.97	0.10477	86.119	0.091242	liquid
507.60	13.870	5.5289	0.18087	37.983	40.491	90.694	221.48	269.88	510.55	0.10348	86.189	0.091274	liquid
507.60	13.903	5.5307	0.18081	37.976	40.490	90.681	221.48	269.84	511.12	0.10219	86.258	0.091306	liquid
507.60	13.936	5.5325	0.18075	37.970	40.489	90.667	221.48	269.79	511.69	0.10091	86.327	0.091337	liquid
507.60	13.970	5.5343	0.18069	37.964	40.488	90.653	221.48	269.75	512.27	0.099631	86.397	0.091368	liquid
507.60	14.003	5.5361	0.18063	37.958	40.487	90.640	221.48	269.70	512.84	0.098363	86.466	0.091400	liquid
507.60	14.036	5.5379	0.18057	37.952	40.487	90.626	221.48	269.66	513.41	0.097101	86.535	0.091431	liquid
507.60	14.070	5.5397	0.18051	37.946	40.486	90.613	221.47	269.62	513.98	0.095846	86.603	0.091462	liquid
507.60	14.103	5.5415	0.18046	37.940	40.485	90.599	221.47	269.58	514.55	0.094597	86.672	0.091494	liquid
507.60	14.136	5.5433	0.18040	37.934	40.484	90.586	221.47	269.53	515.11	0.093355	86.741	0.091525	liquid
507.60	14.170	5.5450	0.18034	37.928	40.483	90.572	221.47	269.49	515.68	0.092118	86.809	0.091556	liquid
507.60	14.203	5.5468	0.18028	37.922	40.482	90.559	221.47	269.45	516.25	0.090888	86.878	0.091587	liquid
507.60	14.236	5.5486	0.18023	37.916	40.482	90.545	221.47	269.41	516.81	0.089664	86.946	0.091618	liquid
507.60	14.270	5.5503	0.18017	37.910	40.481	90.532	221.47	269.36	517.37	0.088447	87.014	0.091649	liquid
507.60	14.303	5.5521	0.18011	37.904	40.480	90.519	221.47	269.32	517.94	0.087235	87.082	0.091680	liquid
507.60	14.336	5.5538	0.18006	37.898	40.479	90.505	221.46	269.28	518.50	0.086029	87.150	0.091711	liquid
507.60	14.369	5.5556	0.18000	37.892	40.478	90.492	221.46	269.24	519.06	0.084830	87.218	0.091742	liquid
507.60	14.403	5.5573	0.17994	37.886	40.478	90.479	221.46	269.20	519.62	0.083636	87.286	0.091773	liquid
507.60	14.436	5.5591	0.17989	37.880	40.477	90.465	221.46	269.16	520.18	0.082448	87.354	0.091804	liquid
507.60	14.469	5.5608	0.17983	37.874	40.476	90.452	221.46	269.12	520.73	0.081266	87.421	0.091834	liquid
507.60	14.503	5.5625	0.17977	37.868	40.475	90.439	221.46	269.08	521.29	0.080090	87.489	0.091865	liquid
507.60	14.536	5.5642	0.17972	37.862	40.475	90.426	221.46	269.04	521.85	0.078920	87.556	0.091896	liquid
507.60	14.569	5.5660	0.17966	37.856	40.474	90.412	221.46	269.00	522.40	0.077755	87.624	0.091926	liquid
507.60	14.603	5.5677	0.17961	37.851	40.473	90.399	221.45	268.96	522.95	0.076596	87.691	0.091957	liquid
507.60	14.636	5.5694	0.17955	37.845	40.473	90.386	221.45	268.92	523.51	0.075443	87.758	0.091987	liquid
507.60	14.669	5.5711	0.17950	37.839	40.472	90.373	221.45	268.88	524.06	0.074295	87.825	0.092018	liquid
507.60	14.703	5.5728	0.17944	37.833	40.471	90.360	221.45	268.84	524.61	0.073153	87.892	0.092048	liquid
507.60	14.736	5.5745	0.17939	37.827	40.471	90.347	221.45	268.80	525.16	0.072016	87.959	0.092078	liquid
507.60	14.769	5.5762	0.17933	37.821	40.470	90.334	221.45	268.76	525.71	0.070885	88.026	0.092109	liquid
507.60	14.803	5.5779	0.17928	37.816	40.469	90.321	221.45	268.72	526.25	0.069759	88.092	0.092139	liquid
507.60	14.836	5.5796	0.17922	37.810	40.469	90.308	221.45	268.68	526.80	0.068638	88.159	0.092169	liquid
507.60	14.869	5.5813	0.17917	37.804	40.468	90.295	221.44	268.64	527.35	0.067523	88.225	0.092199	liquid
507.60	14.903	5.5830	0.17912	37.798	40.468	90.282	221.44	268.60	527.89	0.066414	88.292	0.092229	liquid
507.60	14.936	5.5847	0.17906	37.793	40.467	90.269	221.44	268.56	528.44	0.065309	88.358	0.092260	liquid
507.60	14.969	5.5863	0.17901	37.787	40.466	90.256	221.44	268.53	528.98	0.064210	88.424	0.092290	liquid
507.60	15.003	5.5880	0.17895	37.781	40.466	90.243	221.44	268.49	529.52	0.063115	88.490	0.092320	liquid
507.60	15.036	5.5897	0.17890	37.775	40.465	90.230	221.44	268.45	530.06	0.062027	88.556	0.092350	liquid
507.60	15.069	5.5914	0.17885	37.770	40.465	90.218	221.44	268.41	530.60	0.060943	88.622	0.092379	liquid
507.60	15.102	5.5930	0.17879	37.764	40.464	90.205	221.44	268.38	531.14	0.059864	88.688	0.092409	liquid
507.60	15.136	5.5947	0.17874	37.758	40.464	90.192	221.44	268.34	531.68	0.058790	88.754	0.092439	liquid
507.60	15.169	5.5963	0.17869	37.753	40.463	90.179	221.44	268.30	532.22	0.057721	88.819	0.092469	liquid
507.60	15.202	5.5980	0.17864	37.747	40.463	90.167	221.43	268.26	532.76	0.056657	88.885	0.092499	liquid
507.60	15.236	5.5996	0.17858	37.741	40.462	90.154	221.43	268.23	533.29	0.055599	88.951	0.092528	liquid
507.60	15.269	5.6013	0.17853	37.736	40.462	90.141	221.43	268.19	533.83	0.054545	89.016	0.092558	liquid
507.60	15.302	5.6029	0.17848	37.730	40.461	90.128	221.43	268.15	534.36	0.053495	89.081	0.092588	liquid
507.60	15.336	5.6046	0.17843	37.724	40.461	90.116	221.43	268.12	534.90	0.052451	89.146	0.092617	liquid
507.60	15.369	5.6062	0.17837	37.719	40.460	90.103	221.43	268.08	535.43	0.051412	89.212	0.092647	liquid
507.60	15.402	5.6078	0.17832	37.713	40.460	90.091	221.43	268.05	535.96	0.050377	89.277	0.092676	liquid
507.60	15.436	5.6095	0.17827	37.708	40.459	90.078	221.43	268.01	536.49	0.049347	89.341	0.092706	liquid
507.60	15.469	5.6111	0.17822	37.702	40.459	90.065	221.43	267.97	537.02	0.048321	89.406	0.092735	liquid
507.60	15.502	5.6127	0.17817	37.696	40.458	90.053	221.43	267.94	537.55	0.047301	89.471	0.092765	liquid
507.60	15.536	5.6143	0.17812	37.691	40.458	90.040	221.42	267.90	538.08	0.046285	89.536	0.092794	liquid
507.60	15.569	5.6159	0.17807	37.685	40.458	90.028	221.42	267.87	538.60	0.045273	89.600	0.092823	liquid
507.60	15.602	5.6175	0.17801	37.680	40.457	90.015	221.42	267.83	539.13	0.044266	89.665	0.092853	liquid
507.60	15.636	5.6191	0.17796	37.674	40.457	90.003	221.42	267.80	539.66	0.043264	89.729	0.092882	liquid
507.60	15.669	5.6207	0.17791	37.669	40.456	89.991	221.42	267.76	540.18	0.042266	89.794	0.092911	liquid
507.60	15.702	5.6223	0.17786	37.663	40.456	89.978	221.42	267.73	540.70	0.041272	89.858	0.092940	liquid
507.60	15.735	5.6239	0.17781	37.658	40.456	89.966	221.42	267.69	541.23	0.040283	89.922	0.092969	liquid
507.60	15.769	5.6255	0.17776	37.652	40.455	89.953	221.42	267.66	541.75	0.039299	89.986	0.092998	liquid
507.60	15.802	5.6271	0.17771	37.647	40.455	89.941	221.42	267.63	542.27	0.038318	90.050	0.093027	liquid
507.60	15.835	5.6287	0.17766	37.641	40.455	89.929	221.42	267.59	542.79	0.037342	90.114	0.093056	liquid
507.60	15.869	5.6303	0.17761	37.636	40.454	89.916	221.42	267.56	543.31	0.036371	90.178	0.093085	liquid
507.60	15.902	5.6319	0.17756	37.630	40.454	89.904	221.42	267.52	543.83	0.035403	90.242	0.093114	liquid
507.60	15.935	5.6335	0.17751	37.625	40.454	89.892	221.42	267.49	544.35	0.034440	90.306	0.093143	liquid
507.60	15.969	5.6350	0.17746	37.620	40.453	89.880	221.41	267.46	544.87	0.033481	90.369	0.093172	liquid
507.60	16.002	5.6366	0.17741	37.614	40.453	89.867	221.41	267.42	545.38	0.032527	90.433	0.093201	liquid
507.60	16.035	5.6382	0.17736	37.609	40.453	89.855	221.41	267.39	545.90	0.031576	90.496	0.093230	liquid
507.60	16.069	5.6397	0.17731	37.603	40.453	89.843	221.41	267.36	546.41	0.030630	90.559	0.093258	liquid
507.60	16.102	5.6413	0.17726	37.598	40.452	89.831	221.41	267.32	546.93	0.029688	90.623	0.093287	liquid
507.60	16.135	5.6429	0.17722	37.593	40.452	89.819	221.41	267.29	547.44	0.028749	90.686	0.093316	liquid
507.60	16.169	5.6444	0.17717	37.587	40.452	89.807	221.41	267.26	547.95	0.027815	90.749	0.093344	liquid
507.60	16.202	5.6460	0.17712	37.582	40.452	89.794	221.41	267.23	548.47	0.026885	90.812	0.093373	liquid
507.60	16.235	5.6475	0.17707	37.577	40.451	89.782	221.41	267.19	548.98	0.025959	90.875	0.093401	liquid
507.60	16.269	5.6491	0.17702	37.571	40.451	89.770	221.41	267.16	549.49	0.025037	90.938	0.093430	liquid
507.60	16.302	5.6506	0.17697	37.566	40.451	89.758	221.41	267.13	550.00	0.024119	91.001	0.093458	liquid
507.60	16.335	5.6522	0.17692	37.561	40.451	89.746	221.41	267.10	550.51	0.023204	91.064	0.093487	liquid
507.60	16.368	5.6537	0.17688	37.555	40.450	89.734	221.41	267.06	551.01	0.022294	91.126	0.093515	liquid
507.60	16.402	5.6552	0.17683	37.550	40.450	89.722	221.41	267.03	551.52	0.021387	91.189	0.093544	liquid
507.60	16.435	5.6568	0.17678	37.545	40.450	89.710	221.40	267.00	552.03	0.020485	91.251	0.093572	liquid
507.60	16.468	5.6583	0.17673	37.539	40.450	89.698	221.40	266.97	552.53	0.019586	91.314	0.093600	liquid
507.60	16.502	5.6598	0.17668	37.534	40.450	89.686	221.40	266.94	553.04	0.018691	91.376	0.093629	liquid
507.60	16.535	5.6613	0.17664	37.529	40.450	89.674	221.40	266.91	553.54	0.017799	91.438	0.093657	liquid
507.60	16.568	5.6629	0.17659	37.524	40.449	89.663	221.40	266.87	554.05	0.016912	91.501	0.093685	liquid
507.60	16.602	5.6644	0.17654	37.518	40.449	89.651	221.40	266.84	554.55	0.016028	91.563	0.093713	liquid
507.60	16.635	5.6659	0.17650	37.513	40.449	89.639	221.40	266.81	555.05	0.015148	91.625	0.093741	liquid
507.60	16.668	5.6674	0.17645	37.508	40.449	89.627	221.40	266.78	555.55	0.014271	91.687	0.093769	liquid
507.60	16.702	5.6689	0.17640	37.503	40.449	89.615	221.40	266.75	556.05	0.013399	91.749	0.093797	liquid
507.60	16.735	5.6704	0.17635	37.497	40.449	89.603	221.40	266.72	556.55	0.012529	91.811	0.093825	liquid
507.60	16.768	5.6719	0.17631	37.492	40.449	89.592	221.40	266.69	557.05	0.011664	91.872	0.093853	liquid
507.60	16.802	5.6734	0.17626	37.487	40.449	89.580	221.40	266.66	557.55	0.010802	91.934	0.093881	liquid
507.60	16.835	5.6749	0.17621	37.482	40.448	89.568	221.40	266.63	558.05	0.0099432	91.996	0.093909	liquid
507.60	16.868	5.6764	0.17617	37.477	40.448	89.556	221.40	266.60	558.54	0.0090883	92.057	0.093937	liquid
507.60	16.902	5.6779	0.17612	37.472	40.448	89.545	221.40	266.57	559.04	0.0082369	92.119	0.093965	liquid
507.60	16.935	5.6794	0.17608	37.466	40.448	89.533	221.40	266.54	559.53	0.0073889	92.180	0.093993	liquid
507.60	16.968	5.6809	0.17603	37.461	40.448	89.521	221.40	266.51	560.03	0.0065444	92.242	0.094021	liquid
507.60	17.002	5.6823	0.17598	37.456	40.448	89.510	221.40	266.48	560.52	0.0057034	92.303	0.094049	liquid
507.60	17.035	5.6838	0.17594	37.451	40.448	89.498	221.39	266.45	561.02	0.0048657	92.364	0.094076	liquid
507.60	17.068	5.6853	0.17589	37.446	40.448	89.486	221.39	266.42	561.51	0.0040315	92.425	0.094104	liquid
507.60	17.101	5.6868	0.17585	37.441	40.448	89.475	221.39	266.39	562.00	0.0032006	92.486	0.094132	liquid
507.60	17.135	5.6882	0.17580	37.436	40.448	89.463	221.39	266.36	562.49	0.0023731	92.547	0.094159	liquid
507.60	17.168	5.6897	0.17576	37.431	40.448	89.452	221.39	266.33	562.98	0.0015490	92.608	0.094187	liquid
507.60	17.201	5.6912	0.17571	37.425	40.448	89.440	221.39	266.30	563.47	0.00072813	92.669	0.094214	liquid
507.60	17.235	5.6926	0.17567	37.420	40.448	89.428	221.39	266.27	563.96	-8.9420e-05	92.730	0.094242	liquid
507.60	17.268	5.6941	0.17562	37.415	40.448	89.417	221.39	266.25	564.45	-0.00090370	92.790	0.094270	liquid
507.60	17.301	5.6956	0.17558	37.410	40.448	89.405	221.39	266.22	564.94	-0.0017147	92.851	0.094297	liquid
507.60	17.335	5.6970	0.17553	37.405	40.448	89.394	221.39	266.19	565.42	-0.0025225	92.912	0.094324	liquid
507.60	17.368	5.6985	0.17549	37.400	40.448	89.382	221.39	266.16	565.91	-0.0033271	92.972	0.094352	liquid
507.60	17.401	5.6999	0.17544	37.395	40.448	89.371	221.39	266.13	566.39	-0.0041285	93.033	0.094379	liquid
507.60	17.435	5.7014	0.17540	37.390	40.448	89.360	221.39	266.10	566.88	-0.0049267	93.093	0.094407	liquid
507.60	17.468	5.7028	0.17535	37.385	40.448	89.348	221.39	266.07	567.36	-0.0057218	93.153	0.094434	liquid
507.60	17.501	5.7043	0.17531	37.380	40.448	89.337	221.39	266.05	567.85	-0.0065137	93.213	0.094461	liquid
507.60	17.535	5.7057	0.17526	37.375	40.448	89.325	221.39	266.02	568.33	-0.0073025	93.274	0.094488	liquid
507.60	17.568	5.7071	0.17522	37.370	40.448	89.314	221.39	265.99	568.81	-0.0080882	93.334	0.094516	liquid
507.60	17.601	5.7086	0.17518	37.365	40.448	89.303	221.39	265.96	569.29	-0.0088708	93.394	0.094543	liquid
507.60	17.635	5.7100	0.17513	37.360	40.448	89.291	221.39	265.93	569.77	-0.0096504	93.454	0.094570	liquid
507.60	17.668	5.7114	0.17509	37.355	40.449	89.280	221.39	265.91	570.25	-0.010427	93.514	0.094597	liquid
507.60	17.701	5.7129	0.17504	37.350	40.449	89.269	221.39	265.88	570.73	-0.011200	93.573	0.094624	liquid
507.60	17.734	5.7143	0.17500	37.345	40.449	89.257	221.39	265.85	571.21	-0.011971	93.633	0.094651	liquid
507.60	17.768	5.7157	0.17496	37.340	40.449	89.246	221.39	265.82	571.69	-0.012738	93.693	0.094678	liquid
507.60	17.801	5.7171	0.17491	37.335	40.449	89.235	221.39	265.80	572.17	-0.013503	93.752	0.094706	liquid
507.60	17.834	5.7185	0.17487	37.330	40.449	89.224	221.39	265.77	572.65	-0.014265	93.812	0.094733	liquid
507.60	17.868	5.7199	0.17483	37.325	40.449	89.212	221.38	265.74	573.12	-0.015023	93.872	0.094759	liquid
507.60	17.901	5.7214	0.17478	37.321	40.449	89.201	221.38	265.72	573.60	-0.015779	93.931	0.094786	liquid
507.60	17.934	5.7228	0.17474	37.316	40.450	89.190	221.38	265.69	574.07	-0.016532	93.990	0.094813	liquid
507.60	17.968	5.7242	0.17470	37.311	40.450	89.179	221.38	265.66	574.55	-0.017282	94.050	0.094840	liquid
507.60	18.001	5.7256	0.17465	37.306	40.450	89.168	221.38	265.64	575.02	-0.018029	94.109	0.094867	liquid
507.60	18.034	5.7270	0.17461	37.301	40.450	89.157	221.38	265.61	575.49	-0.018773	94.168	0.094894	liquid
507.60	18.068	5.7284	0.17457	37.296	40.450	89.145	221.38	265.58	575.97	-0.019515	94.227	0.094921	liquid
507.60	18.101	5.7298	0.17453	37.291	40.450	89.134	221.38	265.56	576.44	-0.020253	94.286	0.094947	liquid
507.60	18.134	5.7312	0.17448	37.286	40.450	89.123	221.38	265.53	576.91	-0.020989	94.345	0.094974	liquid
507.60	18.168	5.7326	0.17444	37.281	40.451	89.112	221.38	265.50	577.38	-0.021722	94.404	0.095001	liquid
507.60	18.201	5.7340	0.17440	37.277	40.451	89.101	221.38	265.48	577.85	-0.022452	94.463	0.095028	liquid
507.60	18.234	5.7353	0.17436	37.272	40.451	89.090	221.38	265.45	578.32	-0.023180	94.522	0.095054	liquid
507.60	18.268	5.7367	0.17432	37.267	40.451	89.079	221.38	265.43	578.79	-0.023905	94.581	0.095081	liquid
507.60	18.301	5.7381	0.17427	37.262	40.452	89.068	221.38	265.40	579.26	-0.024627	94.639	0.095107	liquid
507.60	18.334	5.7395	0.17423	37.257	40.452	89.057	221.38	265.37	579.72	-0.025346	94.698	0.095134	liquid
507.60	18.367	5.7409	0.17419	37.253	40.452	89.046	221.38	265.35	580.19	-0.026063	94.756	0.095161	liquid
507.60	18.401	5.7422	0.17415	37.248	40.452	89.035	221.38	265.32	580.66	-0.026777	94.815	0.095187	liquid
507.60	18.434	5.7436	0.17411	37.243	40.452	89.024	221.38	265.30	581.12	-0.027488	94.873	0.095214	liquid
507.60	18.467	5.7450	0.17406	37.238	40.453	89.013	221.38	265.27	581.59	-0.028197	94.932	0.095240	liquid
507.60	18.501	5.7464	0.17402	37.233	40.453	89.002	221.38	265.25	582.05	-0.028903	94.990	0.095266	liquid
507.60	18.534	5.7477	0.17398	37.229	40.453	88.991	221.38	265.22	582.52	-0.029606	95.048	0.095293	liquid
507.60	18.567	5.7491	0.17394	37.224	40.453	88.980	221.38	265.20	582.98	-0.030307	95.107	0.095319	liquid
507.60	18.601	5.7504	0.17390	37.219	40.454	88.970	221.38	265.17	583.44	-0.031006	95.165	0.095346	liquid
507.60	18.634	5.7518	0.17386	37.214	40.454	88.959	221.38	265.15	583.90	-0.031701	95.223	0.095372	liquid
507.60	18.667	5.7532	0.17382	37.210	40.454	88.948	221.38	265.12	584.37	-0.032395	95.281	0.095398	liquid
507.60	18.701	5.7545	0.17378	37.205	40.455	88.937	221.38	265.10	584.83	-0.033085	95.339	0.095424	liquid
507.60	18.734	5.7559	0.17374	37.200	40.455	88.926	221.38	265.07	585.29	-0.033773	95.397	0.095451	liquid
507.60	18.767	5.7572	0.17369	37.195	40.455	88.915	221.38	265.05	585.75	-0.034459	95.455	0.095477	liquid
507.60	18.801	5.7586	0.17365	37.191	40.455	88.905	221.38	265.02	586.21	-0.035142	95.512	0.095503	liquid
507.60	18.834	5.7599	0.17361	37.186	40.456	88.894	221.38	265.00	586.66	-0.035823	95.570	0.095529	liquid
507.60	18.867	5.7613	0.17357	37.181	40.456	88.883	221.38	264.97	587.12	-0.036501	95.628	0.095555	liquid
507.60	18.901	5.7626	0.17353	37.177	40.456	88.872	221.38	264.95	587.58	-0.037177	95.685	0.095582	liquid
507.60	18.934	5.7639	0.17349	37.172	40.457	88.862	221.38	264.93	588.04	-0.037850	95.743	0.095608	liquid
507.60	18.967	5.7653	0.17345	37.167	40.457	88.851	221.38	264.90	588.49	-0.038521	95.800	0.095634	liquid
507.60	19.001	5.7666	0.17341	37.163	40.457	88.840	221.38	264.88	588.95	-0.039189	95.858	0.095660	liquid
507.60	19.034	5.7679	0.17337	37.158	40.458	88.829	221.38	264.85	589.40	-0.039855	95.915	0.095686	liquid
507.60	19.067	5.7693	0.17333	37.153	40.458	88.819	221.38	264.83	589.86	-0.040519	95.973	0.095712	liquid
507.60	19.100	5.7706	0.17329	37.149	40.459	88.808	221.38	264.81	590.31	-0.041180	96.030	0.095738	liquid
507.60	19.134	5.7719	0.17325	37.144	40.459	88.797	221.38	264.78	590.76	-0.041839	96.087	0.095764	liquid
507.60	19.167	5.7733	0.17321	37.139	40.459	88.787	221.38	264.76	591.22	-0.042496	96.144	0.095790	liquid
507.60	19.200	5.7746	0.17317	37.135	40.460	88.776	221.38	264.74	591.67	-0.043150	96.201	0.095815	liquid
507.60	19.234	5.7759	0.17313	37.130	40.460	88.766	221.38	264.71	592.12	-0.043802	96.258	0.095841	liquid
507.60	19.267	5.7772	0.17309	37.125	40.460	88.755	221.38	264.69	592.57	-0.044452	96.315	0.095867	liquid
507.60	19.300	5.7785	0.17305	37.121	40.461	88.744	221.38	264.67	593.02	-0.045099	96.372	0.095893	liquid
507.60	19.334	5.7798	0.17302	37.116	40.461	88.734	221.38	264.64	593.47	-0.045744	96.429	0.095919	liquid
507.60	19.367	5.7811	0.17298	37.112	40.462	88.723	221.38	264.62	593.92	-0.046387	96.486	0.095944	liquid
507.60	19.400	5.7825	0.17294	37.107	40.462	88.713	221.38	264.60	594.37	-0.047028	96.543	0.095970	liquid
507.60	19.434	5.7838	0.17290	37.102	40.462	88.702	221.38	264.57	594.82	-0.047666	96.599	0.095996	liquid
507.60	19.467	5.7851	0.17286	37.098	40.463	88.692	221.38	264.55	595.27	-0.048302	96.656	0.096022	liquid
507.60	19.500	5.7864	0.17282	37.093	40.463	88.681	221.38	264.53	595.71	-0.048936	96.713	0.096047	liquid
507.60	19.534	5.7877	0.17278	37.089	40.464	88.671	221.38	264.50	596.16	-0.049567	96.769	0.096073	liquid
507.60	19.567	5.7890	0.17274	37.084	40.464	88.660	221.38	264.48	596.61	-0.050197	96.826	0.096098	liquid
507.60	19.600	5.7903	0.17270	37.080	40.465	88.650	221.38	264.46	597.05	-0.050824	96.882	0.096124	liquid
507.60	19.634	5.7916	0.17266	37.075	40.465	88.639	221.38	264.44	597.50	-0.051449	96.938	0.096150	liquid
507.60	19.667	5.7929	0.17263	37.070	40.466	88.629	221.38	264.41	597.94	-0.052072	96.995	0.096175	liquid
507.60	19.700	5.7941	0.17259	37.066	40.466	88.618	221.38	264.39	598.39	-0.052693	97.051	0.096201	liquid
507.60	19.733	5.7954	0.17255	37.061	40.466	88.608	221.38	264.37	598.83	-0.053311	97.107	0.096226	liquid
507.60	19.767	5.7967	0.17251	37.057	40.467	88.598	221.38	264.35	599.27	-0.053928	97.163	0.096252	liquid
507.60	19.800	5.7980	0.17247	37.052	40.467	88.587	221.38	264.32	599.71	-0.054542	97.220	0.096277	liquid
507.60	19.833	5.7993	0.17243	37.048	40.468	88.577	221.38	264.30	600.16	-0.055154	97.276	0.096303	liquid
507.60	19.867	5.8006	0.17240	37.043	40.468	88.567	221.38	264.28	600.60	-0.055765	97.332	0.096328	liquid
507.60	19.900	5.8018	0.17236	37.039	40.469	88.556	221.38	264.26	601.04	-0.056373	97.388	0.096353	liquid
507.60	19.933	5.8031	0.17232	37.034	40.469	88.546	221.38	264.24	601.48	-0.056979	97.444	0.096379	liquid
507.60	19.967	5.8044	0.17228	37.030	40.470	88.536	221.38	264.21	601.92	-0.057583	97.499	0.096404	liquid
507.60	20.000	5.8057	0.17225	37.025	40.470	88.525	221.38	264.19	602.36	-0.058185	97.555	0.096429	liquid
