Temperature (K)	Pressure (MPa)	Density (mol/l)	Volume (l/mol)	Internal Energy (kJ/mol)	Enthalpy (kJ/mol)	Entropy (J/mol*K)	Cv (J/mol*K)	Cp (J/mol*K)	Sound Spd. (m/s)	Joule-Thomson (K/MPa)	Viscosity (uPa*s)	Therm. Cond. (W/m*K)	Phase
615.60	1.0000	0.19951	5.0123	47.269	52.281	122.52	62.206	71.061	418.23	3.8171	undefined	undefined	vapor
615.60	1.1000	0.21994	4.5468	47.253	52.254	121.70	62.442	71.361	417.39	3.8386	undefined	undefined	vapor
615.60	1.2000	0.24045	4.1588	47.236	52.227	120.95	62.679	71.664	416.56	3.8598	undefined	undefined	vapor
615.60	1.3000	0.26106	3.8305	47.219	52.199	120.25	62.917	71.970	415.72	3.8807	undefined	undefined	vapor
615.60	1.4000	0.28177	3.5490	47.202	52.171	119.61	63.157	72.279	414.88	3.9012	undefined	undefined	vapor
615.60	1.5000	0.30257	3.3051	47.185	52.142	119.01	63.398	72.592	414.04	3.9214	undefined	undefined	vapor
615.60	1.6000	0.32346	3.0916	47.167	52.114	118.44	63.641	72.907	413.20	3.9413	undefined	undefined	vapor
615.60	1.7000	0.34445	2.9032	47.149	52.085	117.91	63.884	73.226	412.36	3.9608	undefined	undefined	vapor
615.60	1.8000	0.36553	2.7357	47.131	52.056	117.40	64.129	73.548	411.52	3.9799	undefined	undefined	vapor
615.60	1.9000	0.38672	2.5859	47.113	52.026	116.92	64.375	73.873	410.68	3.9986	undefined	undefined	vapor
615.60	2.0000	0.40800	2.4510	47.095	51.997	116.47	64.622	74.201	409.85	4.0170	undefined	undefined	vapor
615.60	2.1000	0.42939	2.3289	47.076	51.967	116.03	64.870	74.533	409.01	4.0349	undefined	undefined	vapor
615.60	2.2000	0.45087	2.2179	47.057	51.936	115.61	65.120	74.868	408.17	4.0525	undefined	undefined	vapor
615.60	2.3000	0.47246	2.1166	47.038	51.906	115.21	65.371	75.206	407.34	4.0696	undefined	undefined	vapor
615.60	2.4000	0.49415	2.0237	47.018	51.875	114.82	65.623	75.547	406.50	4.0863	undefined	undefined	vapor
615.60	2.5000	0.51594	1.9382	46.999	51.844	114.45	65.876	75.892	405.67	4.1025	undefined	undefined	vapor
615.60	2.6000	0.53784	1.8593	46.979	51.813	114.09	66.130	76.240	404.84	4.1184	undefined	undefined	vapor
615.60	2.7000	0.55985	1.7862	46.959	51.781	113.75	66.385	76.591	404.01	4.1337	undefined	undefined	vapor
615.60	2.8000	0.58196	1.7183	46.938	51.750	113.41	66.642	76.946	403.18	4.1487	undefined	undefined	vapor
615.60	2.9000	0.60419	1.6551	46.918	51.718	113.08	66.899	77.304	402.36	4.1631	undefined	undefined	vapor
615.60	3.0000	0.62652	1.5961	46.897	51.685	112.77	67.158	77.665	401.54	4.1771	undefined	undefined	vapor
615.60	3.1000	0.64895	1.5409	46.876	51.653	112.46	67.418	78.029	400.72	4.1906	undefined	undefined	vapor
615.60	3.2000	0.67150	1.4892	46.855	51.620	112.16	67.679	78.397	399.91	4.2037	undefined	undefined	vapor
615.60	3.3000	0.69417	1.4406	46.833	51.587	111.87	67.940	78.768	399.10	4.2162	undefined	undefined	vapor
615.60	3.4000	0.71694	1.3948	46.811	51.554	111.58	68.203	79.143	398.29	4.2283	undefined	undefined	vapor
615.60	3.5000	0.73982	1.3517	46.789	51.520	111.31	68.467	79.521	397.49	4.2399	undefined	undefined	vapor
615.60	3.6000	0.76282	1.3109	46.767	51.486	111.03	68.732	79.902	396.69	4.2511	undefined	undefined	vapor
615.60	3.7000	0.78593	1.2724	46.744	51.452	110.77	68.997	80.286	395.90	4.2617	undefined	undefined	vapor
615.60	3.8000	0.80916	1.2358	46.721	51.418	110.51	69.264	80.674	395.11	4.2718	undefined	undefined	vapor
615.60	3.9000	0.83250	1.2012	46.698	51.383	110.26	69.531	81.064	394.32	4.2815	undefined	undefined	vapor
615.60	4.0000	0.85596	1.1683	46.675	51.348	110.01	69.800	81.459	393.54	4.2907	undefined	undefined	vapor
615.60	4.1000	0.87954	1.1370	46.652	51.313	109.76	70.069	81.856	392.77	4.2994	undefined	undefined	vapor
615.60	4.2000	0.90323	1.1071	46.628	51.278	109.52	70.339	82.257	392.00	4.3076	undefined	undefined	vapor
615.60	4.3000	0.92704	1.0787	46.604	51.242	109.29	70.610	82.661	391.23	4.3154	undefined	undefined	vapor
615.60	4.4000	0.95097	1.0516	46.580	51.207	109.06	70.881	83.068	390.48	4.3227	undefined	undefined	vapor
615.60	4.5000	0.97502	1.0256	46.555	51.170	108.83	71.154	83.478	389.72	4.3295	undefined	undefined	vapor
615.60	4.6000	0.99918	1.0008	46.530	51.134	108.61	71.427	83.892	388.98	4.3359	undefined	undefined	vapor
615.60	4.7000	1.0235	0.97707	46.506	51.098	108.39	71.700	84.308	388.24	4.3419	undefined	undefined	vapor
615.60	4.8000	1.0479	0.95431	46.480	51.061	108.17	71.974	84.728	387.50	4.3474	undefined	undefined	vapor
615.60	4.9000	1.0724	0.93249	46.455	51.024	107.96	72.249	85.151	386.78	4.3525	undefined	undefined	vapor
615.60	5.0000	1.0971	0.91153	46.429	50.987	107.75	72.525	85.578	386.05	4.3573	undefined	undefined	vapor
615.60	5.1000	1.1218	0.89141	46.403	50.949	107.54	72.801	86.007	385.34	4.3616	undefined	undefined	vapor
615.60	5.2000	1.1467	0.87206	46.377	50.912	107.33	73.077	86.440	384.63	4.3656	undefined	undefined	vapor
615.60	5.3000	1.1717	0.85344	46.351	50.874	107.13	73.354	86.876	383.93	4.3692	undefined	undefined	vapor
615.60	5.4000	1.1969	0.83552	46.324	50.836	106.93	73.631	87.315	383.23	4.3724	undefined	undefined	vapor
615.60	5.5000	1.2221	0.81825	46.297	50.798	106.74	73.909	87.757	382.54	4.3754	undefined	undefined	vapor
615.60	5.6000	1.2475	0.80160	46.270	50.759	106.54	74.187	88.202	381.85	4.3780	undefined	undefined	vapor
615.60	5.7000	1.2730	0.78553	46.243	50.720	106.35	74.465	88.651	381.17	4.3804	undefined	undefined	vapor
615.60	5.8000	1.2987	0.77003	46.215	50.681	106.16	74.744	89.103	380.50	4.3825	undefined	undefined	vapor
615.60	5.9000	1.3244	0.75505	46.188	50.642	105.97	75.023	89.558	379.83	4.3844	undefined	undefined	vapor
615.60	6.0000	1.3503	0.74058	46.159	50.603	105.79	75.302	90.016	379.17	4.3861	undefined	undefined	vapor
615.60	6.1000	1.3763	0.72658	46.131	50.563	105.61	75.581	90.478	378.51	4.3876	undefined	undefined	vapor
615.60	6.2000	1.4025	0.71304	46.103	50.524	105.42	75.861	90.943	377.86	4.3889	undefined	undefined	vapor
615.60	6.3000	1.4287	0.69993	46.074	50.484	105.24	76.140	91.411	377.22	4.3900	undefined	undefined	vapor
615.60	6.4000	1.4551	0.68723	46.045	50.443	105.07	76.420	91.883	376.57	4.3911	undefined	undefined	vapor
615.60	6.5000	1.4816	0.67493	46.016	50.403	104.89	76.700	92.359	375.93	4.3921	undefined	undefined	vapor
615.60	6.6000	1.5083	0.66300	45.986	50.362	104.72	76.980	92.838	375.30	4.3929	undefined	undefined	vapor
615.60	6.7000	1.5351	0.65143	45.957	50.321	104.54	77.260	93.320	374.67	4.3938	undefined	undefined	vapor
615.60	6.8000	1.5620	0.64020	45.927	50.280	104.37	77.539	93.807	374.04	4.3946	undefined	undefined	vapor
615.60	6.9000	1.5891	0.62930	45.897	50.239	104.20	77.819	94.297	373.42	4.3954	undefined	undefined	vapor
615.60	7.0000	1.6162	0.61872	45.866	50.197	104.03	78.099	94.791	372.80	4.3963	undefined	undefined	vapor
615.60	7.1000	1.6436	0.60843	45.836	50.155	103.86	78.378	95.290	372.18	4.3972	undefined	undefined	vapor
615.60	7.2000	1.6710	0.59843	45.805	50.113	103.70	78.658	95.792	371.57	4.3981	undefined	undefined	vapor
615.60	7.3000	1.6986	0.58871	45.774	50.071	103.53	78.937	96.299	370.96	4.3992	undefined	undefined	vapor
615.60	7.4000	1.7264	0.57925	45.742	50.029	103.37	79.217	96.810	370.34	4.4003	undefined	undefined	vapor
615.60	7.5000	1.7542	0.57005	45.711	49.986	103.21	79.496	97.325	369.74	4.4016	undefined	undefined	vapor
615.60	7.6000	1.7823	0.56108	45.679	49.943	103.04	79.775	97.845	369.13	4.4030	undefined	undefined	vapor
615.60	7.7000	1.8104	0.55235	45.647	49.900	102.88	80.053	98.370	368.52	4.4045	undefined	undefined	vapor
615.60	7.8000	1.8387	0.54385	45.614	49.856	102.72	80.332	98.900	367.91	4.4062	undefined	undefined	vapor
615.60	7.9000	1.8672	0.53556	45.582	49.813	102.57	80.610	99.435	367.31	4.4081	undefined	undefined	vapor
615.60	8.0000	1.8958	0.52748	45.549	49.769	102.41	80.888	99.975	366.70	4.4101	undefined	undefined	vapor
615.60	8.1000	1.9246	0.51960	45.516	49.725	102.25	81.166	100.52	366.10	4.4123	undefined	undefined	vapor
615.60	8.2000	1.9535	0.51190	45.482	49.680	102.09	81.443	101.07	365.50	4.4146	undefined	undefined	vapor
615.60	8.3000	1.9826	0.50440	45.449	49.635	101.94	81.721	101.63	364.90	4.4171	undefined	undefined	vapor
615.60	8.3000	1.9826	0.50440	45.449	49.635	101.94	81.721	101.63	364.90	4.4171	undefined	undefined	supercritical
615.60	8.3000	1.9826	0.50440	45.449	49.635	101.94	81.721	101.63	364.90	4.4171	undefined	undefined	supercritical
615.60	8.4000	2.0118	0.49707	45.415	49.590	101.78	81.997	102.19	364.29	4.4197	undefined	undefined	supercritical
615.60	8.5000	2.0412	0.48991	45.381	49.545	101.63	82.274	102.76	363.69	4.4225	undefined	undefined	supercritical
615.60	8.6000	2.0707	0.48292	45.346	49.499	101.48	82.550	103.33	363.09	4.4254	undefined	undefined	supercritical
615.60	8.7000	2.1004	0.47609	45.311	49.453	101.33	82.826	103.91	362.49	4.4284	undefined	undefined	supercritical
615.60	8.8000	2.1303	0.46941	45.276	49.407	101.17	83.102	104.50	361.90	4.4315	undefined	undefined	supercritical
615.60	8.9000	2.1604	0.46288	45.241	49.361	101.02	83.377	105.09	361.30	4.4346	undefined	undefined	supercritical
615.60	9.0000	2.1906	0.45650	45.206	49.314	100.87	83.652	105.68	360.71	4.4378	undefined	undefined	supercritical
615.60	9.1000	2.2210	0.45025	45.170	49.267	100.72	83.927	106.29	360.12	4.4409	undefined	undefined	supercritical
615.60	9.2000	2.2515	0.44414	45.134	49.220	100.57	84.201	106.90	359.53	4.4439	undefined	undefined	supercritical
615.60	9.3000	2.2823	0.43816	45.097	49.172	100.42	84.474	107.52	358.95	4.4468	undefined	undefined	supercritical
615.60	9.4000	2.3132	0.43230	45.060	49.124	100.27	84.747	108.14	358.37	4.4496	undefined	undefined	supercritical
615.60	9.5000	2.3443	0.42657	45.023	49.076	100.13	85.020	108.77	357.80	4.4522	undefined	undefined	supercritical
615.60	9.6000	2.3756	0.42095	44.986	49.027	99.979	85.292	109.40	357.23	4.4545	undefined	undefined	supercritical
615.60	9.7000	2.4070	0.41545	44.949	48.978	99.832	85.564	110.04	356.67	4.4565	undefined	undefined	supercritical
615.60	9.8000	2.4387	0.41006	44.911	48.929	99.685	85.835	110.69	356.13	4.4581	undefined	undefined	supercritical
615.60	9.9000	2.4705	0.40478	44.872	48.880	99.538	86.105	111.34	355.59	4.4593	undefined	undefined	supercritical
615.60	10.000	2.5025	0.39960	44.834	48.830	99.392	86.374	111.99	355.06	4.4600	undefined	undefined	supercritical
615.60	10.100	2.5347	0.39452	44.795	48.780	99.246	86.643	112.65	354.54	4.4601	undefined	undefined	supercritical
615.60	10.200	2.5671	0.38955	44.756	48.729	99.100	86.911	113.32	354.04	4.4597	undefined	undefined	supercritical
615.60	10.300	2.5996	0.38467	44.717	48.679	98.955	87.178	113.99	353.55	4.4586	undefined	undefined	supercritical
615.60	10.400	2.6324	0.37989	44.677	48.628	98.810	87.444	114.66	353.08	4.4568	undefined	undefined	supercritical
615.60	10.500	2.6653	0.37520	44.637	48.577	98.666	87.710	115.34	352.62	4.4543	undefined	undefined	supercritical
615.60	10.600	2.6984	0.37059	44.597	48.525	98.521	87.974	116.02	352.18	4.4509	undefined	undefined	supercritical
615.60	10.700	2.7316	0.36608	44.556	48.473	98.378	88.237	116.70	351.75	4.4467	undefined	undefined	supercritical
615.60	10.800	2.7651	0.36165	44.515	48.421	98.234	88.499	117.38	351.35	4.4417	undefined	undefined	supercritical
615.60	10.900	2.7987	0.35731	44.474	48.369	98.091	88.760	118.06	350.96	4.4358	undefined	undefined	supercritical
615.60	11.000	2.8325	0.35305	44.433	48.316	97.948	89.019	118.75	350.60	4.4290	undefined	undefined	supercritical
615.60	11.100	2.8664	0.34886	44.391	48.264	97.805	89.277	119.43	350.26	4.4212	undefined	undefined	supercritical
615.60	11.200	2.9006	0.34476	44.350	48.211	97.663	89.533	120.12	349.93	4.4126	undefined	undefined	supercritical
615.60	11.300	2.9348	0.34074	44.307	48.158	97.521	89.789	120.81	349.63	4.4031	undefined	undefined	supercritical
615.60	11.400	2.9693	0.33678	44.265	48.104	97.379	90.042	121.49	349.34	4.3927	undefined	undefined	supercritical
615.60	11.500	3.0038	0.33291	44.223	48.051	97.238	90.294	122.18	349.08	4.3815	undefined	undefined	supercritical
615.60	11.600	3.0386	0.32910	44.180	47.997	97.097	90.544	122.86	348.83	4.3695	undefined	undefined	supercritical
615.60	11.700	3.0734	0.32537	44.137	47.944	96.957	90.792	123.54	348.61	4.3568	undefined	undefined	supercritical
615.60	11.800	3.1085	0.32170	44.094	47.890	96.817	91.039	124.23	348.40	4.3435	undefined	undefined	supercritical
615.60	11.900	3.1436	0.31811	44.050	47.836	96.677	91.284	124.91	348.20	4.3296	undefined	undefined	supercritical
615.60	12.000	3.1789	0.31457	44.007	47.782	96.538	91.527	125.59	348.02	4.3152	undefined	undefined	supercritical
615.60	12.100	3.2143	0.31111	43.963	47.727	96.399	91.768	126.27	347.85	4.3004	undefined	undefined	supercritical
615.60	12.200	3.2499	0.30770	43.919	47.673	96.260	92.007	126.95	347.68	4.2853	undefined	undefined	supercritical
615.60	12.300	3.2856	0.30436	43.875	47.619	96.122	92.244	127.62	347.53	4.2700	undefined	undefined	supercritical
615.60	12.400	3.3214	0.30108	43.831	47.564	95.984	92.479	128.31	347.38	4.2547	undefined	undefined	supercritical
615.60	12.500	3.3573	0.29786	43.786	47.509	95.847	92.712	128.99	347.23	4.2394	undefined	undefined	supercritical
615.60	12.600	3.3934	0.29469	43.742	47.455	95.710	92.943	129.67	347.08	4.2242	undefined	undefined	supercritical
615.60	12.700	3.4296	0.29158	43.697	47.400	95.573	93.172	130.36	346.92	4.2093	undefined	undefined	supercritical
615.60	12.800	3.4660	0.28852	43.652	47.345	95.437	93.399	131.05	346.76	4.1948	undefined	undefined	supercritical
615.60	12.900	3.5025	0.28551	43.607	47.290	95.301	93.624	131.75	346.59	4.1808	undefined	undefined	supercritical
615.60	13.000	3.5391	0.28256	43.562	47.235	95.165	93.846	132.45	346.41	4.1673	undefined	undefined	supercritical
615.60	13.100	3.5759	0.27965	43.516	47.180	95.030	94.067	133.16	346.21	4.1545	undefined	undefined	supercritical
615.60	13.200	3.6128	0.27679	43.470	47.124	94.894	94.286	133.88	346.00	4.1425	undefined	undefined	supercritical
615.60	13.300	3.6499	0.27398	43.425	47.069	94.760	94.503	134.60	345.77	4.1313	undefined	undefined	supercritical
615.60	13.400	3.6872	0.27121	43.379	47.013	94.625	94.717	135.34	345.51	4.1209	undefined	undefined	supercritical
615.60	13.500	3.7246	0.26848	43.332	46.957	94.490	94.930	136.09	345.24	4.1115	undefined	undefined	supercritical
615.60	13.600	3.7622	0.26580	43.286	46.901	94.356	95.141	136.85	344.94	4.1031	undefined	undefined	supercritical
615.60	13.700	3.8001	0.26315	43.240	46.845	94.221	95.350	137.63	344.62	4.0955	undefined	undefined	supercritical
615.60	13.800	3.8381	0.26054	43.193	46.788	94.087	95.557	138.42	344.27	4.0890	undefined	undefined	supercritical
615.60	13.900	3.8764	0.25797	43.146	46.732	93.953	95.762	139.22	343.90	4.0834	undefined	undefined	supercritical
615.60	14.000	3.9148	0.25544	43.098	46.675	93.819	95.965	140.04	343.51	4.0787	undefined	undefined	supercritical
615.60	14.100	3.9536	0.25294	43.051	46.617	93.684	96.166	140.88	343.09	4.0748	undefined	undefined	supercritical
615.60	14.200	3.9925	0.25047	43.003	46.560	93.550	96.366	141.73	342.66	4.0717	undefined	undefined	supercritical
615.60	14.300	4.0317	0.24803	42.955	46.502	93.415	96.563	142.60	342.20	4.0693	undefined	undefined	supercritical
615.60	14.400	4.0712	0.24563	42.907	46.444	93.281	96.759	143.48	341.73	4.0676	undefined	undefined	supercritical
615.60	14.500	4.1110	0.24325	42.858	46.385	93.146	96.953	144.38	341.25	4.0663	undefined	undefined	supercritical
615.60	14.600	4.1511	0.24090	42.809	46.326	93.011	97.145	145.29	340.75	4.0654	undefined	undefined	supercritical
615.60	14.700	4.1914	0.23858	42.760	46.267	92.876	97.336	146.22	340.25	4.0647	undefined	undefined	supercritical
615.60	14.800	4.2321	0.23629	42.710	46.207	92.740	97.524	147.17	339.74	4.0641	undefined	undefined	supercritical
615.60	14.900	4.2730	0.23403	42.660	46.147	92.605	97.711	148.12	339.23	4.0635	undefined	undefined	supercritical
615.60	15.000	4.3143	0.23179	42.610	46.087	92.469	97.895	149.09	338.72	4.0628	undefined	undefined	supercritical
615.60	15.100	4.3559	0.22958	42.560	46.026	92.333	98.078	150.07	338.22	4.0617	undefined	undefined	supercritical
615.60	15.200	4.3978	0.22739	42.509	45.965	92.196	98.259	151.05	337.73	4.0603	undefined	undefined	supercritical
615.60	15.300	4.4400	0.22523	42.458	45.904	92.060	98.438	152.04	337.25	4.0583	undefined	undefined	supercritical
615.60	15.400	4.4825	0.22309	42.406	45.842	91.923	98.615	153.03	336.79	4.0556	undefined	undefined	supercritical
615.60	15.500	4.5254	0.22098	42.354	45.779	91.785	98.789	154.03	336.34	4.0523	undefined	undefined	supercritical
615.60	15.600	4.5686	0.21889	42.302	45.717	91.648	98.962	155.03	335.92	4.0481	undefined	undefined	supercritical
615.60	15.700	4.6120	0.21682	42.250	45.654	91.510	99.132	156.03	335.51	4.0430	undefined	undefined	supercritical
615.60	15.800	4.6558	0.21478	42.197	45.591	91.373	99.301	157.02	335.13	4.0370	undefined	undefined	supercritical
615.60	15.900	4.6999	0.21277	42.144	45.527	91.235	99.467	158.01	334.77	4.0302	undefined	undefined	supercritical
615.60	16.000	4.7443	0.21078	42.091	45.463	91.097	99.630	159.00	334.44	4.0223	undefined	undefined	supercritical
615.60	16.100	4.7890	0.20881	42.037	45.399	90.958	99.791	159.98	334.12	4.0136	undefined	undefined	supercritical
615.60	16.200	4.8339	0.20687	41.984	45.335	90.820	99.950	160.95	333.84	4.0039	undefined	undefined	supercritical
615.60	16.300	4.8792	0.20495	41.930	45.270	90.682	100.11	161.92	333.57	3.9935	undefined	undefined	supercritical
615.60	16.400	4.9247	0.20306	41.875	45.206	90.544	100.26	162.88	333.32	3.9822	undefined	undefined	supercritical
615.60	16.500	4.9704	0.20119	41.821	45.141	90.405	100.41	163.83	333.10	3.9701	undefined	undefined	supercritical
615.60	16.600	5.0165	0.19934	41.766	45.076	90.267	100.56	164.78	332.89	3.9574	undefined	undefined	supercritical
615.60	16.700	5.0627	0.19752	41.712	45.010	90.129	100.71	165.71	332.69	3.9441	undefined	undefined	supercritical
615.60	16.800	5.1092	0.19572	41.657	44.945	89.990	100.85	166.64	332.52	3.9302	undefined	undefined	supercritical
615.60	16.900	5.1560	0.19395	41.602	44.879	89.852	100.99	167.56	332.35	3.9159	undefined	undefined	supercritical
615.60	17.000	5.2030	0.19220	41.546	44.814	89.714	101.13	168.48	332.20	3.9011	undefined	undefined	supercritical
615.60	17.100	5.2502	0.19047	41.491	44.748	89.576	101.26	169.39	332.06	3.8860	undefined	undefined	supercritical
615.60	17.200	5.2977	0.18876	41.435	44.682	89.438	101.40	170.29	331.92	3.8706	undefined	undefined	supercritical
615.60	17.300	5.3454	0.18708	41.380	44.616	89.301	101.53	171.19	331.79	3.8549	undefined	undefined	supercritical
615.60	17.400	5.3933	0.18542	41.324	44.550	89.163	101.66	172.08	331.67	3.8391	undefined	undefined	supercritical
615.60	17.500	5.4414	0.18378	41.268	44.484	89.026	101.78	172.97	331.55	3.8231	undefined	undefined	supercritical
615.60	17.600	5.4898	0.18216	41.212	44.418	88.889	101.90	173.85	331.44	3.8070	undefined	undefined	supercritical
615.60	17.700	5.5384	0.18056	41.156	44.351	88.752	102.02	174.74	331.33	3.7908	undefined	undefined	supercritical
615.60	17.800	5.5872	0.17898	41.099	44.285	88.615	102.14	175.61	331.22	3.7746	undefined	undefined	supercritical
615.60	17.900	5.6362	0.17742	41.043	44.219	88.478	102.25	176.49	331.11	3.7583	undefined	undefined	supercritical
615.60	18.000	5.6854	0.17589	40.987	44.153	88.342	102.36	177.36	331.01	3.7420	undefined	undefined	supercritical
615.60	18.100	5.7349	0.17437	40.930	44.086	88.205	102.47	178.23	330.90	3.7257	undefined	undefined	supercritical
615.60	18.200	5.7846	0.17287	40.873	44.020	88.069	102.58	179.10	330.80	3.7095	undefined	undefined	supercritical
615.60	18.300	5.8345	0.17139	40.817	43.953	87.933	102.68	179.96	330.70	3.6932	undefined	undefined	supercritical
615.60	18.400	5.8846	0.16993	40.760	43.887	87.798	102.79	180.82	330.59	3.6770	undefined	undefined	supercritical
615.60	18.500	5.9350	0.16849	40.703	43.820	87.662	102.88	181.68	330.49	3.6607	undefined	undefined	supercritical
615.60	18.600	5.9855	0.16707	40.646	43.754	87.527	102.98	182.54	330.39	3.6445	undefined	undefined	supercritical
615.60	18.700	6.0363	0.16566	40.589	43.687	87.392	103.07	183.39	330.29	3.6283	undefined	undefined	supercritical
615.60	18.800	6.0873	0.16428	40.532	43.621	87.257	103.16	184.24	330.20	3.6121	undefined	undefined	supercritical
615.60	18.900	6.1386	0.16290	40.475	43.554	87.122	103.25	185.08	330.10	3.5959	undefined	undefined	supercritical
615.60	19.000	6.1900	0.16155	40.418	43.488	86.988	103.34	185.92	330.02	3.5796	undefined	undefined	supercritical
615.60	19.100	6.2417	0.16021	40.361	43.421	86.854	103.42	186.76	329.93	3.5632	undefined	undefined	supercritical
615.60	19.200	6.2935	0.15889	40.304	43.355	86.720	103.50	187.59	329.85	3.5468	undefined	undefined	supercritical
615.60	19.300	6.3456	0.15759	40.247	43.288	86.586	103.58	188.40	329.78	3.5302	undefined	undefined	supercritical
615.60	19.400	6.3979	0.15630	40.189	43.222	86.452	103.66	189.21	329.72	3.5135	undefined	undefined	supercritical
615.60	19.500	6.4504	0.15503	40.132	43.155	86.319	103.73	190.01	329.67	3.4966	undefined	undefined	supercritical
615.60	19.600	6.5031	0.15377	40.075	43.089	86.186	103.80	190.80	329.63	3.4794	undefined	undefined	supercritical
615.60	19.700	6.5560	0.15253	40.017	43.022	86.053	103.87	191.57	329.60	3.4620	undefined	undefined	supercritical
615.60	19.800	6.6091	0.15131	39.960	42.956	85.921	103.94	192.33	329.59	3.4444	undefined	undefined	supercritical
615.60	19.900	6.6623	0.15010	39.903	42.890	85.789	104.01	193.07	329.60	3.4263	undefined	undefined	supercritical
615.60	20.000	6.7157	0.14890	39.846	42.824	85.657	104.07	193.78	329.62	3.4080	undefined	undefined	supercritical
615.60	20.100	6.7693	0.14773	39.788	42.758	85.526	104.13	194.48	329.67	3.3892	undefined	undefined	supercritical
615.60	20.200	6.8230	0.14656	39.731	42.692	85.395	104.19	195.15	329.73	3.3699	undefined	undefined	supercritical
615.60	20.300	6.8768	0.14542	39.674	42.626	85.265	104.24	195.80	329.82	3.3503	undefined	undefined	supercritical
615.60	20.400	6.9308	0.14428	39.617	42.561	85.135	104.30	196.41	329.94	3.3301	undefined	undefined	supercritical
615.60	20.500	6.9848	0.14317	39.560	42.495	85.005	104.35	197.00	330.08	3.3094	undefined	undefined	supercritical
615.60	20.600	7.0389	0.14207	39.504	42.430	84.877	104.40	197.55	330.25	3.2881	undefined	undefined	supercritical
615.60	20.700	7.0931	0.14098	39.447	42.366	84.748	104.44	198.06	330.46	3.2664	undefined	undefined	supercritical
615.60	20.800	7.1473	0.13991	39.391	42.301	84.621	104.49	198.54	330.69	3.2440	undefined	undefined	supercritical
615.60	20.900	7.2015	0.13886	39.335	42.237	84.494	104.53	198.99	330.96	3.2211	undefined	undefined	supercritical
615.60	21.000	7.2558	0.13782	39.279	42.173	84.367	104.57	199.39	331.26	3.1976	undefined	undefined	supercritical
615.60	21.100	7.3100	0.13680	39.223	42.109	84.242	104.61	199.75	331.59	3.1736	undefined	undefined	supercritical
615.60	21.200	7.3642	0.13579	39.167	42.046	84.117	104.65	200.07	331.96	3.1490	undefined	undefined	supercritical
615.60	21.300	7.4183	0.13480	39.112	41.983	83.993	104.69	200.35	332.37	3.1239	undefined	undefined	supercritical
615.60	21.400	7.4723	0.13383	39.057	41.921	83.870	104.72	200.59	332.81	3.0983	undefined	undefined	supercritical
615.60	21.500	7.5262	0.13287	39.002	41.859	83.747	104.75	200.79	333.28	3.0723	undefined	undefined	supercritical
615.60	21.600	7.5800	0.13193	38.948	41.797	83.626	104.78	200.95	333.79	3.0458	undefined	undefined	supercritical
615.60	21.700	7.6336	0.13100	38.894	41.737	83.506	104.81	201.06	334.33	3.0189	undefined	undefined	supercritical
615.60	21.800	7.6871	0.13009	38.840	41.676	83.386	104.84	201.14	334.90	2.9917	undefined	undefined	supercritical
615.60	21.900	7.7404	0.12919	38.787	41.616	83.268	104.86	201.18	335.51	2.9641	undefined	undefined	supercritical
615.60	22.000	7.7935	0.12831	38.734	41.557	83.151	104.89	201.19	336.15	2.9363	undefined	undefined	supercritical
615.60	22.100	7.8464	0.12745	38.681	41.498	83.034	104.91	201.16	336.82	2.9083	undefined	undefined	supercritical
615.60	22.200	7.8990	0.12660	38.629	41.440	82.919	104.93	201.10	337.52	2.8802	undefined	undefined	supercritical
615.60	22.300	7.9514	0.12576	38.578	41.382	82.805	104.95	201.01	338.24	2.8519	undefined	undefined	supercritical
615.60	22.400	8.0035	0.12495	38.526	41.325	82.692	104.97	200.89	338.99	2.8236	undefined	undefined	supercritical
615.60	22.500	8.0553	0.12414	38.476	41.269	82.580	104.99	200.75	339.77	2.7952	undefined	undefined	supercritical
615.60	22.600	8.1068	0.12335	38.425	41.213	82.469	105.01	200.59	340.57	2.7669	undefined	undefined	supercritical
615.60	22.700	8.1581	0.12258	38.375	41.158	82.360	105.02	200.40	341.39	2.7386	undefined	undefined	supercritical
615.60	22.800	8.2090	0.12182	38.326	41.103	82.251	105.04	200.20	342.22	2.7105	undefined	undefined	supercritical
615.60	22.900	8.2597	0.12107	38.277	41.049	82.144	105.05	199.98	343.08	2.6825	undefined	undefined	supercritical
615.60	23.000	8.3100	0.12034	38.228	40.996	82.038	105.07	199.74	343.95	2.6547	undefined	undefined	supercritical
615.60	23.100	8.3600	0.11962	38.180	40.943	81.933	105.08	199.50	344.84	2.6272	undefined	undefined	supercritical
615.60	23.200	8.4096	0.11891	38.132	40.891	81.829	105.09	199.24	345.75	2.5998	undefined	undefined	supercritical
615.60	23.300	8.4590	0.11822	38.085	40.840	81.726	105.10	198.98	346.66	2.5728	undefined	undefined	supercritical
615.60	23.400	8.5080	0.11754	38.038	40.789	81.624	105.11	198.71	347.58	2.5461	undefined	undefined	supercritical
615.60	23.500	8.5566	0.11687	37.992	40.738	81.523	105.12	198.43	348.52	2.5197	undefined	undefined	supercritical
615.60	23.600	8.6050	0.11621	37.946	40.689	81.423	105.13	198.15	349.46	2.4936	undefined	undefined	supercritical
615.60	23.700	8.6530	0.11557	37.901	40.640	81.325	105.14	197.87	350.41	2.4679	undefined	undefined	supercritical
615.60	23.800	8.7006	0.11493	37.856	40.591	81.227	105.15	197.58	351.37	2.4426	undefined	undefined	supercritical
615.60	23.900	8.7480	0.11431	37.811	40.543	81.131	105.15	197.30	352.34	2.4176	undefined	undefined	supercritical
615.60	24.000	8.7950	0.11370	37.767	40.496	81.035	105.16	197.01	353.31	2.3930	undefined	undefined	supercritical
615.60	24.100	8.8416	0.11310	37.723	40.449	80.941	105.17	196.73	354.28	2.3688	undefined	undefined	supercritical
615.60	24.200	8.8880	0.11251	37.680	40.402	80.847	105.17	196.45	355.26	2.3451	undefined	undefined	supercritical
615.60	24.300	8.9340	0.11193	37.637	40.357	80.754	105.18	196.17	356.24	2.3217	undefined	undefined	supercritical
615.60	24.400	8.9797	0.11136	37.594	40.311	80.663	105.18	195.90	357.22	2.2986	undefined	undefined	supercritical
615.60	24.500	9.0251	0.11080	37.552	40.267	80.572	105.19	195.63	358.20	2.2760	undefined	undefined	supercritical
615.60	24.600	9.0702	0.11025	37.510	40.222	80.482	105.19	195.36	359.19	2.2538	undefined	undefined	supercritical
615.60	24.700	9.1150	0.10971	37.469	40.178	80.393	105.20	195.10	360.18	2.2320	undefined	undefined	supercritical
615.60	24.800	9.1594	0.10918	37.428	40.135	80.305	105.20	194.84	361.17	2.2105	undefined	undefined	supercritical
615.60	24.900	9.2036	0.10865	37.387	40.092	80.218	105.20	194.58	362.16	2.1894	undefined	undefined	supercritical
615.60	25.000	9.2475	0.10814	37.347	40.050	80.131	105.21	194.33	363.15	2.1686	undefined	undefined	supercritical
615.60	25.100	9.2910	0.10763	37.306	40.008	80.046	105.21	194.09	364.15	2.1483	undefined	undefined	supercritical
615.60	25.200	9.3343	0.10713	37.267	39.967	79.961	105.21	193.85	365.14	2.1282	undefined	undefined	supercritical
615.60	25.300	9.3773	0.10664	37.228	39.926	79.877	105.22	193.61	366.13	2.1085	undefined	undefined	supercritical
615.60	25.400	9.4200	0.10616	37.189	39.885	79.793	105.22	193.38	367.13	2.0891	undefined	undefined	supercritical
615.60	25.500	9.4624	0.10568	37.150	39.845	79.711	105.22	193.15	368.13	2.0701	undefined	undefined	supercritical
615.60	25.600	9.5045	0.10521	37.111	39.805	79.629	105.23	192.92	369.12	2.0514	undefined	undefined	supercritical
615.60	25.700	9.5464	0.10475	37.073	39.766	79.548	105.23	192.70	370.12	2.0329	undefined	undefined	supercritical
615.60	25.800	9.5880	0.10430	37.036	39.727	79.468	105.23	192.48	371.12	2.0148	undefined	undefined	supercritical
615.60	25.900	9.6293	0.10385	36.998	39.688	79.388	105.23	192.27	372.12	1.9969	undefined	undefined	supercritical
615.60	26.000	9.6703	0.10341	36.961	39.650	79.309	105.24	192.05	373.12	1.9793	undefined	undefined	supercritical
615.60	26.100	9.7111	0.10297	36.924	39.612	79.231	105.24	191.85	374.13	1.9619	undefined	undefined	supercritical
615.60	26.200	9.7516	0.10255	36.888	39.575	79.154	105.24	191.64	375.13	1.9449	undefined	undefined	supercritical
615.60	26.300	9.7919	0.10213	36.852	39.537	79.077	105.24	191.43	376.14	1.9280	undefined	undefined	supercritical
615.60	26.400	9.8319	0.10171	36.816	39.501	79.001	105.25	191.23	377.14	1.9114	undefined	undefined	supercritical
615.60	26.500	9.8716	0.10130	36.780	39.464	78.925	105.25	191.03	378.15	1.8950	undefined	undefined	supercritical
615.60	26.600	9.9111	0.10090	36.744	39.428	78.850	105.25	190.83	379.17	1.8789	undefined	undefined	supercritical
615.60	26.700	9.9503	0.10050	36.709	39.393	78.776	105.25	190.63	380.18	1.8629	undefined	undefined	supercritical
615.60	26.800	9.9893	0.10011	36.674	39.357	78.702	105.25	190.43	381.20	1.8472	undefined	undefined	supercritical
615.60	26.900	10.028	0.099720	36.640	39.322	78.629	105.26	190.23	382.22	1.8317	undefined	undefined	supercritical
615.60	27.000	10.067	0.099339	36.605	39.288	78.556	105.26	190.04	383.24	1.8163	undefined	undefined	supercritical
615.60	27.100	10.105	0.098963	36.571	39.253	78.485	105.26	189.84	384.26	1.8011	undefined	undefined	supercritical
615.60	27.200	10.143	0.098592	36.537	39.219	78.413	105.26	189.65	385.29	1.7861	undefined	undefined	supercritical
615.60	27.300	10.181	0.098227	36.504	39.185	78.342	105.26	189.45	386.32	1.7713	undefined	undefined	supercritical
615.60	27.400	10.218	0.097866	36.471	39.152	78.272	105.27	189.25	387.35	1.7567	undefined	undefined	supercritical
615.60	27.500	10.255	0.097510	36.437	39.119	78.203	105.27	189.06	388.39	1.7422	undefined	undefined	supercritical
615.60	27.600	10.292	0.097160	36.405	39.086	78.134	105.27	188.86	389.43	1.7279	undefined	undefined	supercritical
615.60	27.700	10.329	0.096813	36.372	39.054	78.065	105.27	188.66	390.47	1.7137	undefined	undefined	supercritical
615.60	27.800	10.366	0.096472	36.340	39.022	77.997	105.28	188.47	391.51	1.6997	undefined	undefined	supercritical
615.60	27.900	10.402	0.096135	36.307	38.990	77.930	105.28	188.27	392.56	1.6858	undefined	undefined	supercritical
615.60	28.000	10.438	0.095802	36.276	38.958	77.863	105.28	188.07	393.61	1.6721	undefined	undefined	supercritical
615.60	28.100	10.474	0.095474	36.244	38.927	77.796	105.28	187.87	394.66	1.6585	undefined	undefined	supercritical
615.60	28.200	10.510	0.095151	36.212	38.896	77.730	105.29	187.67	395.72	1.6450	undefined	undefined	supercritical
615.60	28.300	10.545	0.094831	36.181	38.865	77.665	105.29	187.46	396.78	1.6317	undefined	undefined	supercritical
615.60	28.400	10.580	0.094516	36.150	38.835	77.600	105.29	187.26	397.84	1.6185	undefined	undefined	supercritical
615.60	28.500	10.615	0.094204	36.120	38.804	77.536	105.29	187.05	398.91	1.6054	undefined	undefined	supercritical
615.60	28.600	10.650	0.093897	36.089	38.775	77.472	105.30	186.85	399.97	1.5924	undefined	undefined	supercritical
615.60	28.700	10.684	0.093594	36.059	38.745	77.409	105.30	186.64	401.04	1.5796	undefined	undefined	supercritical
615.60	28.800	10.719	0.093295	36.029	38.716	77.346	105.30	186.43	402.12	1.5669	undefined	undefined	supercritical
615.60	28.900	10.753	0.092999	35.999	38.686	77.284	105.30	186.22	403.19	1.5543	undefined	undefined	supercritical
615.60	29.000	10.787	0.092707	35.969	38.658	77.222	105.31	186.01	404.27	1.5419	undefined	undefined	supercritical
615.60	29.100	10.820	0.092419	35.940	38.629	77.160	105.31	185.80	405.35	1.5295	undefined	undefined	supercritical
615.60	29.200	10.854	0.092135	35.910	38.601	77.099	105.31	185.59	406.44	1.5173	undefined	undefined	supercritical
615.60	29.300	10.887	0.091854	35.881	38.573	77.039	105.31	185.37	407.52	1.5052	undefined	undefined	supercritical
615.60	29.400	10.920	0.091577	35.853	38.545	76.979	105.32	185.16	408.61	1.4931	undefined	undefined	supercritical
615.60	29.500	10.953	0.091303	35.824	38.517	76.919	105.32	184.94	409.70	1.4813	undefined	undefined	supercritical
615.60	29.600	10.985	0.091032	35.796	38.490	76.860	105.32	184.73	410.79	1.4695	undefined	undefined	supercritical
615.60	29.700	11.017	0.090765	35.767	38.463	76.801	105.33	184.51	411.88	1.4578	undefined	undefined	supercritical
615.60	29.800	11.050	0.090501	35.739	38.436	76.743	105.33	184.29	412.98	1.4462	undefined	undefined	supercritical
615.60	29.900	11.081	0.090241	35.712	38.410	76.685	105.33	184.07	414.07	1.4348	undefined	undefined	supercritical
615.60	30.000	11.113	0.089983	35.684	38.384	76.628	105.34	183.85	415.17	1.4234	undefined	undefined	supercritical
615.60	30.100	11.145	0.089729	35.657	38.358	76.571	105.34	183.63	416.27	1.4122	undefined	undefined	supercritical
615.60	30.200	11.176	0.089478	35.630	38.332	76.515	105.34	183.41	417.37	1.4011	undefined	undefined	supercritical
615.60	30.300	11.207	0.089229	35.602	38.306	76.459	105.35	183.19	418.47	1.3900	undefined	undefined	supercritical
615.60	30.400	11.238	0.088984	35.576	38.281	76.403	105.35	182.97	419.57	1.3791	undefined	undefined	supercritical
615.60	30.500	11.269	0.088742	35.549	38.256	76.348	105.35	182.75	420.67	1.3683	undefined	undefined	supercritical
615.60	30.600	11.299	0.088502	35.523	38.231	76.293	105.36	182.53	421.77	1.3576	undefined	undefined	supercritical
615.60	30.700	11.329	0.088266	35.496	38.206	76.239	105.36	182.31	422.88	1.3470	undefined	undefined	supercritical
615.60	30.800	11.360	0.088032	35.470	38.182	76.184	105.36	182.09	423.98	1.3365	undefined	undefined	supercritical
615.60	30.900	11.389	0.087801	35.444	38.157	76.131	105.37	181.86	425.08	1.3261	undefined	undefined	supercritical
615.60	31.000	11.419	0.087572	35.419	38.133	76.078	105.37	181.64	426.19	1.3158	undefined	undefined	supercritical
615.60	31.100	11.449	0.087346	35.393	38.110	76.025	105.37	181.42	427.29	1.3057	undefined	undefined	supercritical
615.60	31.200	11.478	0.087123	35.368	38.086	75.972	105.38	181.20	428.39	1.2956	undefined	undefined	supercritical
615.60	31.300	11.507	0.086902	35.343	38.063	75.920	105.38	180.98	429.49	1.2856	undefined	undefined	supercritical
615.60	31.400	11.536	0.086684	35.318	38.040	75.868	105.38	180.76	430.59	1.2757	undefined	undefined	supercritical
615.60	31.500	11.565	0.086468	35.293	38.017	75.817	105.39	180.54	431.69	1.2659	undefined	undefined	supercritical
615.60	31.600	11.594	0.086255	35.268	37.994	75.766	105.39	180.32	432.79	1.2563	undefined	undefined	supercritical
615.60	31.700	11.622	0.086044	35.244	37.971	75.715	105.39	180.10	433.89	1.2467	undefined	undefined	supercritical
615.60	31.800	11.650	0.085836	35.219	37.949	75.665	105.40	179.88	434.99	1.2372	undefined	undefined	supercritical
615.60	31.900	11.678	0.085629	35.195	37.927	75.615	105.40	179.67	436.09	1.2278	undefined	undefined	supercritical
615.60	32.000	11.706	0.085425	35.171	37.905	75.566	105.40	179.45	437.18	1.2185	undefined	undefined	supercritical
615.60	32.100	11.734	0.085224	35.147	37.883	75.516	105.41	179.23	438.27	1.2094	undefined	undefined	supercritical
615.60	32.200	11.761	0.085024	35.124	37.861	75.468	105.41	179.02	439.37	1.2003	undefined	undefined	supercritical
615.60	32.300	11.789	0.084827	35.100	37.840	75.419	105.42	178.80	440.46	1.1913	undefined	undefined	supercritical
615.60	32.400	11.816	0.084631	35.077	37.819	75.371	105.42	178.59	441.55	1.1824	undefined	undefined	supercritical
615.60	32.500	11.843	0.084438	35.054	37.798	75.323	105.42	178.38	442.63	1.1736	undefined	undefined	supercritical
615.60	32.600	11.870	0.084247	35.031	37.777	75.275	105.43	178.17	443.72	1.1649	undefined	undefined	supercritical
615.60	32.700	11.897	0.084058	35.008	37.756	75.228	105.43	177.96	444.80	1.1562	undefined	undefined	supercritical
615.60	32.800	11.923	0.083871	34.985	37.736	75.181	105.43	177.75	445.89	1.1477	undefined	undefined	supercritical
615.60	32.900	11.949	0.083686	34.962	37.715	75.135	105.44	177.54	446.97	1.1393	undefined	undefined	supercritical
615.60	33.000	11.976	0.083502	34.940	37.695	75.088	105.44	177.34	448.04	1.1309	undefined	undefined	supercritical
615.60	33.100	12.002	0.083321	34.917	37.675	75.042	105.45	177.13	449.12	1.1227	undefined	undefined	supercritical
615.60	33.200	12.028	0.083141	34.895	37.656	74.997	105.45	176.93	450.19	1.1145	undefined	undefined	supercritical
615.60	33.300	12.053	0.082964	34.873	37.636	74.951	105.45	176.72	451.27	1.1064	undefined	undefined	supercritical
615.60	33.400	12.079	0.082788	34.851	37.616	74.906	105.46	176.52	452.34	1.0984	undefined	undefined	supercritical
615.60	33.500	12.105	0.082614	34.830	37.597	74.861	105.46	176.32	453.40	1.0905	undefined	undefined	supercritical
615.60	33.600	12.130	0.082441	34.808	37.578	74.817	105.46	176.12	454.47	1.0827	undefined	undefined	supercritical
615.60	33.700	12.155	0.082271	34.787	37.559	74.773	105.47	175.93	455.53	1.0750	undefined	undefined	supercritical
615.60	33.800	12.180	0.082102	34.765	37.540	74.729	105.47	175.73	456.59	1.0673	undefined	undefined	supercritical
615.60	33.900	12.205	0.081935	34.744	37.522	74.685	105.48	175.54	457.65	1.0598	undefined	undefined	supercritical
615.60	34.000	12.230	0.081769	34.723	37.503	74.642	105.48	175.34	458.70	1.0523	undefined	undefined	supercritical
615.60	34.100	12.254	0.081605	34.702	37.485	74.598	105.48	175.15	459.75	1.0449	undefined	undefined	supercritical
615.60	34.200	12.279	0.081442	34.681	37.466	74.556	105.49	174.96	460.80	1.0375	undefined	undefined	supercritical
615.60	34.300	12.303	0.081281	34.660	37.448	74.513	105.49	174.77	461.85	1.0303	undefined	undefined	supercritical
615.60	34.400	12.327	0.081122	34.640	37.430	74.471	105.49	174.59	462.90	1.0231	undefined	undefined	supercritical
615.60	34.500	12.351	0.080964	34.619	37.413	74.429	105.50	174.40	463.94	1.0160	undefined	undefined	supercritical
615.60	34.600	12.375	0.080808	34.599	37.395	74.387	105.50	174.22	464.98	1.0090	undefined	undefined	supercritical
615.60	34.700	12.399	0.080653	34.579	37.377	74.345	105.51	174.03	466.02	1.0021	undefined	undefined	supercritical
615.60	34.800	12.422	0.080499	34.559	37.360	74.304	105.51	173.85	467.05	0.99518	undefined	undefined	supercritical
615.60	34.900	12.446	0.080347	34.539	37.343	74.263	105.51	173.67	468.08	0.98838	undefined	undefined	supercritical
615.60	35.000	12.469	0.080197	34.519	37.326	74.222	105.52	173.49	469.11	0.98165	undefined	undefined	supercritical
615.60	35.100	12.493	0.080047	34.499	37.309	74.182	105.52	173.31	470.14	0.97500	undefined	undefined	supercritical
615.60	35.200	12.516	0.079899	34.479	37.292	74.141	105.52	173.14	471.16	0.96841	undefined	undefined	supercritical
615.60	35.300	12.539	0.079753	34.460	37.275	74.101	105.53	172.96	472.19	0.96189	undefined	undefined	supercritical
615.60	35.400	12.562	0.079608	34.441	37.259	74.061	105.53	172.79	473.21	0.95544	undefined	undefined	supercritical
615.60	35.500	12.584	0.079464	34.421	37.242	74.022	105.54	172.62	474.22	0.94906	undefined	undefined	supercritical
615.60	35.600	12.607	0.079321	34.402	37.226	73.982	105.54	172.45	475.24	0.94274	undefined	undefined	supercritical
615.60	35.700	12.630	0.079179	34.383	37.210	73.943	105.54	172.28	476.25	0.93649	undefined	undefined	supercritical
615.60	35.800	12.652	0.079039	34.364	37.194	73.904	105.55	172.11	477.26	0.93030	undefined	undefined	supercritical
615.60	35.900	12.674	0.078900	34.345	37.178	73.865	105.55	171.94	478.27	0.92417	undefined	undefined	supercritical
615.60	36.000	12.696	0.078763	34.326	37.162	73.827	105.55	171.78	479.27	0.91811	undefined	undefined	supercritical
615.60	36.100	12.718	0.078626	34.308	37.146	73.789	105.56	171.62	480.27	0.91211	undefined	undefined	supercritical
615.60	36.200	12.740	0.078491	34.289	37.131	73.750	105.56	171.45	481.27	0.90617	undefined	undefined	supercritical
615.60	36.300	12.762	0.078356	34.271	37.115	73.713	105.57	171.29	482.27	0.90029	undefined	undefined	supercritical
615.60	36.400	12.784	0.078223	34.252	37.100	73.675	105.57	171.13	483.27	0.89447	undefined	undefined	supercritical
615.60	36.500	12.806	0.078091	34.234	37.084	73.637	105.57	170.97	484.26	0.88870	undefined	undefined	supercritical
615.60	36.600	12.827	0.077960	34.216	37.069	73.600	105.58	170.82	485.25	0.88300	undefined	undefined	supercritical
615.60	36.700	12.848	0.077831	34.198	37.054	73.563	105.58	170.66	486.24	0.87734	undefined	undefined	supercritical
615.60	36.800	12.870	0.077702	34.180	37.039	73.526	105.58	170.51	487.22	0.87175	undefined	undefined	supercritical
615.60	36.900	12.891	0.077574	34.162	37.025	73.490	105.59	170.35	488.21	0.86621	undefined	undefined	supercritical
615.60	37.000	12.912	0.077448	34.144	37.010	73.453	105.59	170.20	489.19	0.86072	undefined	undefined	supercritical
615.60	37.100	12.933	0.077322	34.127	36.995	73.417	105.59	170.05	490.17	0.85529	undefined	undefined	supercritical
615.60	37.200	12.954	0.077197	34.109	36.981	73.381	105.60	169.90	491.14	0.84990	undefined	undefined	supercritical
615.60	37.300	12.975	0.077074	34.092	36.966	73.345	105.60	169.75	492.12	0.84457	undefined	undefined	supercritical
615.60	37.400	12.995	0.076951	34.074	36.952	73.309	105.60	169.60	493.09	0.83929	undefined	undefined	supercritical
615.60	37.500	13.016	0.076830	34.057	36.938	73.274	105.61	169.46	494.06	0.83406	undefined	undefined	supercritical
615.60	37.600	13.036	0.076709	34.040	36.924	73.238	105.61	169.31	495.03	0.82888	undefined	undefined	supercritical
615.60	37.700	13.057	0.076589	34.022	36.910	73.203	105.62	169.17	496.00	0.82374	undefined	undefined	supercritical
615.60	37.800	13.077	0.076471	34.005	36.896	73.168	105.62	169.02	496.96	0.81866	undefined	undefined	supercritical
615.60	37.900	13.097	0.076353	33.988	36.882	73.133	105.62	168.88	497.93	0.81362	undefined	undefined	supercritical
615.60	38.000	13.117	0.076236	33.971	36.868	73.099	105.63	168.74	498.89	0.80862	undefined	undefined	supercritical
615.60	38.100	13.137	0.076120	33.955	36.855	73.064	105.63	168.60	499.85	0.80368	undefined	undefined	supercritical
615.60	38.200	13.157	0.076005	33.938	36.841	73.030	105.63	168.46	500.81	0.79877	undefined	undefined	supercritical
615.60	38.300	13.177	0.075891	33.921	36.828	72.996	105.64	168.32	501.76	0.79391	undefined	undefined	supercritical
615.60	38.400	13.197	0.075777	33.905	36.815	72.962	105.64	168.18	502.71	0.78910	undefined	undefined	supercritical
615.60	38.500	13.216	0.075665	33.888	36.801	72.928	105.64	168.05	503.67	0.78432	undefined	undefined	supercritical
615.60	38.600	13.236	0.075553	33.872	36.788	72.894	105.65	167.91	504.62	0.77959	undefined	undefined	supercritical
615.60	38.700	13.255	0.075443	33.856	36.775	72.861	105.65	167.78	505.57	0.77490	undefined	undefined	supercritical
615.60	38.800	13.274	0.075333	33.839	36.762	72.828	105.65	167.65	506.51	0.77026	undefined	undefined	supercritical
615.60	38.900	13.294	0.075224	33.823	36.749	72.794	105.66	167.51	507.46	0.76565	undefined	undefined	supercritical
615.60	39.000	13.313	0.075115	33.807	36.737	72.761	105.66	167.38	508.40	0.76108	undefined	undefined	supercritical
615.60	39.100	13.332	0.075008	33.791	36.724	72.729	105.66	167.25	509.34	0.75655	undefined	undefined	supercritical
615.60	39.200	13.351	0.074901	33.775	36.711	72.696	105.66	167.12	510.28	0.75206	undefined	undefined	supercritical
615.60	39.300	13.370	0.074795	33.759	36.699	72.663	105.67	166.99	511.22	0.74760	undefined	undefined	supercritical
615.60	39.400	13.389	0.074690	33.744	36.686	72.631	105.67	166.87	512.16	0.74319	undefined	undefined	supercritical
615.60	39.500	13.407	0.074585	33.728	36.674	72.599	105.67	166.74	513.10	0.73881	undefined	undefined	supercritical
615.60	39.600	13.426	0.074482	33.712	36.662	72.567	105.68	166.61	514.03	0.73447	undefined	undefined	supercritical
615.60	39.700	13.445	0.074379	33.697	36.650	72.535	105.68	166.49	514.96	0.73016	undefined	undefined	supercritical
615.60	39.800	13.463	0.074277	33.681	36.637	72.503	105.68	166.36	515.90	0.72589	undefined	undefined	supercritical
615.60	39.900	13.482	0.074175	33.666	36.625	72.472	105.69	166.24	516.83	0.72165	undefined	undefined	supercritical
615.60	40.000	13.500	0.074074	33.650	36.613	72.440	105.69	166.11	517.76	0.71745	undefined	undefined	supercritical
615.60	40.100	13.518	0.073974	33.635	36.602	72.409	105.69	165.99	518.68	0.71328	undefined	undefined	supercritical
615.60	40.200	13.536	0.073875	33.620	36.590	72.378	105.70	165.87	519.61	0.70915	undefined	undefined	supercritical
615.60	40.300	13.554	0.073776	33.605	36.578	72.347	105.70	165.75	520.53	0.70504	undefined	undefined	supercritical
615.60	40.400	13.573	0.073678	33.590	36.566	72.316	105.70	165.63	521.46	0.70097	undefined	undefined	supercritical
615.60	40.500	13.590	0.073581	33.575	36.555	72.285	105.70	165.51	522.38	0.69694	undefined	undefined	supercritical
