Temperature (K)	Pressure (MPa)	Density (mol/l)	Volume (l/mol)	Internal Energy (kJ/mol)	Enthalpy (kJ/mol)	Entropy (J/mol*K)	Cv (J/mol*K)	Cp (J/mol*K)	Sound Spd. (m/s)	Joule-Thomson (K/MPa)	Viscosity (uPa*s)	Therm. Cond. (W/m*K)	Phase
370.00	0.010000	0.0032532	307.39	30.644	33.718	162.35	79.726	88.069	277.39	8.8825	10.039	0.026880	vapor
370.00	0.046650	0.015221	65.699	30.624	33.689	149.49	79.770	88.221	276.73	8.9112	10.042	0.026908	vapor
370.00	0.083300	0.027260	36.684	30.604	33.660	144.62	79.814	88.375	276.07	8.9403	10.045	0.026935	vapor
370.00	0.11995	0.039371	25.399	30.585	33.631	141.53	79.859	88.531	275.41	8.9696	10.049	0.026963	vapor
370.00	0.15660	0.051555	19.397	30.565	33.602	139.26	79.905	88.690	274.75	8.9993	10.053	0.026992	vapor
370.00	0.19325	0.063814	15.671	30.544	33.573	137.46	79.951	88.852	274.08	9.0293	10.057	0.027021	vapor
370.00	0.22990	0.076148	13.132	30.524	33.543	135.96	79.997	89.017	273.41	9.0596	10.061	0.027050	vapor
370.00	0.26655	0.088559	11.292	30.504	33.514	134.67	80.044	89.184	272.73	9.0902	10.066	0.027080	vapor
370.00	0.30320	0.10105	9.8963	30.483	33.484	133.55	80.092	89.354	272.06	9.1212	10.071	0.027110	vapor
370.00	0.33985	0.11362	8.8016	30.463	33.454	132.54	80.140	89.527	271.38	9.1525	10.076	0.027141	vapor
370.00	0.37650	0.12626	7.9199	30.442	33.424	131.63	80.189	89.704	270.69	9.1841	10.081	0.027172	vapor
370.00	0.41315	0.13899	7.1945	30.421	33.393	130.81	80.238	89.883	270.00	9.2161	10.086	0.027203	vapor
370.00	0.44980	0.15181	6.5873	30.400	33.363	130.04	80.288	90.065	269.31	9.2485	10.092	0.027235	vapor
370.00	0.48645	0.16470	6.0715	30.379	33.332	129.33	80.338	90.251	268.62	9.2812	10.098	0.027267	vapor
370.00	0.52310	0.17769	5.6278	30.358	33.302	128.67	80.389	90.440	267.92	9.3143	10.105	0.027300	vapor
370.00	0.55975	0.19076	5.2422	30.336	33.271	128.05	80.441	90.633	267.22	9.3477	10.111	0.027334	vapor
370.00	0.59640	0.20392	4.9040	30.315	33.240	127.46	80.493	90.829	266.51	9.3816	10.118	0.027368	vapor
370.00	0.63305	0.21717	4.6048	30.293	33.208	126.91	80.546	91.028	265.81	9.4158	10.125	0.027402	vapor
370.00	0.66970	0.23051	4.3383	30.271	33.177	126.38	80.599	91.232	265.09	9.4504	10.133	0.027437	vapor
370.00	0.70635	0.24394	4.0993	30.249	33.145	125.88	80.654	91.439	264.38	9.4854	10.140	0.027473	vapor
370.00	0.74300	0.25747	3.8839	30.227	33.113	125.39	80.708	91.650	263.66	9.5208	10.148	0.027509	vapor
370.00	0.77965	0.27110	3.6887	30.205	33.081	124.93	80.764	91.866	262.93	9.5567	10.157	0.027546	vapor
370.00	0.81630	0.28482	3.5110	30.183	33.049	124.49	80.820	92.085	262.20	9.5929	10.165	0.027583	vapor
370.00	0.85295	0.29865	3.3484	30.160	33.016	124.06	80.877	92.309	261.47	9.6296	10.174	0.027621	vapor
370.00	0.88960	0.31257	3.1993	30.138	32.984	123.65	80.935	92.537	260.74	9.6667	10.183	0.027659	vapor
370.00	0.92625	0.32660	3.0618	30.115	32.951	123.25	80.993	92.770	259.99	9.7043	10.193	0.027698	vapor
370.00	0.96290	0.34074	2.9348	30.092	32.918	122.86	81.052	93.008	259.25	9.7423	10.203	0.027738	vapor
370.00	0.99955	0.35499	2.8170	30.069	32.884	122.49	81.112	93.251	258.50	9.7808	10.213	0.027778	vapor
370.00	1.0362	0.36934	2.7075	30.045	32.851	122.12	81.172	93.498	257.75	9.8198	10.223	0.027820	vapor
370.00	1.0728	0.38381	2.6055	30.022	32.817	121.77	81.234	93.751	256.99	9.8592	10.234	0.027861	vapor
370.00	1.1095	0.39839	2.5101	29.998	32.783	121.43	81.296	94.009	256.23	9.8991	10.245	0.027904	vapor
370.00	1.1461	0.41309	2.4208	29.974	32.749	121.09	81.359	94.273	255.46	9.9395	10.257	0.027947	vapor
370.00	1.1828	0.42791	2.3370	29.950	32.714	120.76	81.423	94.542	254.69	9.9804	10.268	0.027991	vapor
370.00	1.2195	0.44285	2.2581	29.926	32.680	120.44	81.487	94.817	253.91	10.022	10.281	0.028036	vapor
370.00	1.2561	0.45791	2.1838	29.902	32.645	120.12	81.553	95.099	253.13	10.064	10.293	0.028081	vapor
370.00	1.2928	0.47310	2.1137	29.877	32.609	119.82	81.619	95.386	252.34	10.106	10.306	0.028128	vapor
370.00	1.3294	0.48842	2.0474	29.852	32.574	119.51	81.687	95.680	251.55	10.149	10.320	0.028175	vapor
370.00	1.3661	0.50387	1.9846	29.827	32.538	119.22	81.755	95.981	250.75	10.193	10.333	0.028223	vapor
370.00	1.4027	0.51946	1.9251	29.802	32.502	118.93	81.824	96.289	249.95	10.237	10.347	0.028272	vapor
370.00	1.4394	0.53518	1.8685	29.777	32.466	118.64	81.894	96.604	249.14	10.282	10.362	0.028322	vapor
370.00	1.4760	0.55105	1.8147	29.751	32.429	118.36	81.965	96.927	248.33	10.327	10.377	0.028373	vapor
370.00	1.5127	0.56706	1.7635	29.725	32.393	118.08	82.037	97.257	247.51	10.373	10.392	0.028425	vapor
370.00	1.5493	0.58322	1.7146	29.699	32.356	117.81	82.111	97.596	246.68	10.420	10.408	0.028477	vapor
370.00	1.5860	0.59953	1.6680	29.673	32.318	117.54	82.185	97.943	245.85	10.467	10.424	0.028531	vapor
370.00	1.6226	0.61600	1.6234	29.646	32.280	117.28	82.260	98.298	245.02	10.515	10.441	0.028586	vapor
370.00	1.6593	0.63262	1.5807	29.620	32.242	117.02	82.336	98.663	244.17	10.563	10.458	0.028642	vapor
370.00	1.6959	0.64941	1.5399	29.593	32.204	116.76	82.414	99.037	243.33	10.613	10.476	0.028699	vapor
370.00	1.7326	0.66636	1.5007	29.565	32.165	116.50	82.493	99.421	242.47	10.662	10.494	0.028758	vapor
370.00	1.7692	0.68349	1.4631	29.538	32.126	116.25	82.572	99.815	241.61	10.713	10.512	0.028817	vapor
370.00	1.8059	0.70079	1.4270	29.510	32.087	116.00	82.653	100.22	240.74	10.764	10.531	0.028878	vapor
370.00	1.8425	0.71826	1.3922	29.482	32.047	115.75	82.736	100.63	239.87	10.816	10.551	0.028940	vapor
370.00	1.8792	0.73593	1.3588	29.454	32.007	115.51	82.819	101.06	238.99	10.869	10.571	0.029003	vapor
370.00	1.9158	0.75378	1.3266	29.425	31.967	115.27	82.904	101.50	238.10	10.923	10.592	0.029068	vapor
370.00	1.9525	0.77183	1.2956	29.396	31.926	115.03	82.991	101.95	237.21	10.977	10.613	0.029134	vapor
370.00	1.9891	0.79007	1.2657	29.367	31.885	114.79	83.078	102.42	236.31	11.032	10.635	0.029202	vapor
370.00	2.0258	0.80853	1.2368	29.338	31.843	114.55	83.167	102.89	235.40	11.088	10.657	0.029271	vapor
370.00	2.0624	0.82719	1.2089	29.308	31.801	114.32	83.258	103.39	234.48	11.145	10.680	0.029342	vapor
370.00	2.0991	0.84607	1.1819	29.278	31.759	114.08	83.350	103.89	233.56	11.202	10.704	0.029414	vapor
370.00	2.1357	0.86518	1.1558	29.247	31.716	113.85	83.444	104.42	232.63	11.261	10.728	0.029489	vapor
370.00	2.1724	0.88451	1.1306	29.216	31.672	113.62	83.539	104.96	231.69	11.320	10.753	0.029565	vapor
370.00	2.2090	0.90409	1.1061	29.185	31.629	113.39	83.636	105.51	230.74	11.380	10.779	0.029643	vapor
370.00	2.2457	0.92391	1.0824	29.154	31.584	113.17	83.734	106.09	229.78	11.442	10.805	0.029723	vapor
370.00	2.2823	0.94398	1.0593	29.122	31.540	112.94	83.835	106.68	228.82	11.504	10.832	0.029804	vapor
370.00	2.3190	0.96431	1.0370	29.090	31.494	112.71	83.937	107.29	227.84	11.567	10.860	0.029888	vapor
370.00	2.3556	0.98491	1.0153	29.057	31.449	112.49	84.041	107.93	226.86	11.631	10.889	0.029975	vapor
370.00	2.3923	1.0058	0.99424	29.024	31.402	112.26	84.147	108.59	225.87	11.697	10.918	0.030063	vapor
370.00	2.4289	1.0270	0.97375	28.990	31.356	112.04	84.255	109.27	224.87	11.763	10.948	0.030154	vapor
370.00	2.4656	1.0484	0.95381	28.956	31.308	111.81	84.365	109.97	223.86	11.831	10.979	0.030248	vapor
370.00	2.5022	1.0702	0.93440	28.922	31.260	111.59	84.478	110.70	222.84	11.899	11.011	0.030344	vapor
370.00	2.5389	1.0923	0.91550	28.887	31.212	111.37	84.592	111.46	221.81	11.969	11.044	0.030443	vapor
370.00	2.5755	1.1147	0.89708	28.852	31.162	111.15	84.709	112.25	220.77	12.040	11.078	0.030544	vapor
370.00	2.6122	1.1375	0.87912	28.816	31.113	110.92	84.829	113.07	219.72	12.112	11.113	0.030649	vapor
370.00	2.6488	1.1606	0.86160	28.780	31.062	110.70	84.951	113.92	218.65	12.185	11.149	0.030757	vapor
370.00	2.6855	1.1841	0.84450	28.743	31.011	110.48	85.076	114.81	217.58	12.260	11.186	0.030869	vapor
370.00	2.7221	1.2080	0.82780	28.705	30.959	110.25	85.203	115.73	216.49	12.336	11.224	0.030984	vapor
370.00	2.7588	1.2323	0.81149	28.667	30.906	110.03	85.333	116.70	215.40	12.413	11.263	0.031103	vapor
370.00	2.7954	1.2570	0.79553	28.629	30.853	109.81	85.467	117.70	214.29	12.492	11.303	0.031225	vapor
370.00	2.8321	1.2822	0.77993	28.590	30.798	109.58	85.604	118.76	213.17	12.572	11.345	0.031352	vapor
370.00	2.8687	1.3078	0.76466	28.550	30.743	109.36	85.744	119.86	212.03	12.654	11.388	0.031484	vapor
370.00	2.9054	1.3339	0.74970	28.509	30.687	109.13	85.887	121.01	210.88	12.737	11.432	0.031620	vapor
370.00	2.9420	1.3604	0.73505	28.468	30.630	108.90	86.035	122.23	209.72	12.821	11.478	0.031761	vapor
370.00	2.9787	1.3876	0.72069	28.426	30.572	108.67	86.186	123.50	208.54	12.908	11.525	0.031907	vapor
370.00	3.0153	1.4152	0.70660	28.383	30.513	108.44	86.341	124.84	207.35	12.995	11.574	0.032060	vapor
370.00	3.0520	1.4435	0.69277	28.339	30.453	108.21	86.501	126.25	206.14	13.085	11.624	0.032218	vapor
370.00	3.0886	1.4723	0.67919	28.294	30.392	107.98	86.666	127.74	204.92	13.176	11.677	0.032383	vapor
370.00	3.1253	1.5018	0.66585	28.249	30.330	107.74	86.836	129.31	203.68	13.269	11.731	0.032554	vapor
370.00	3.1619	1.5320	0.65273	28.203	30.266	107.51	87.011	130.98	202.42	13.364	11.787	0.032734	vapor
370.00	3.1986	1.5629	0.63983	28.155	30.202	107.27	87.191	132.75	201.14	13.461	11.845	0.032921	vapor
370.00	3.2352	1.5946	0.62712	28.107	30.135	107.03	87.378	134.63	199.85	13.559	11.906	0.033117	vapor
370.00	3.2719	1.6271	0.61460	28.057	30.068	106.78	87.572	136.63	198.54	13.660	11.968	0.033322	vapor
370.00	3.3085	1.6604	0.60226	28.006	29.999	106.53	87.773	138.77	197.20	13.762	12.034	0.033538	vapor
370.00	3.3452	1.6947	0.59009	27.954	29.928	106.28	87.981	141.06	195.85	13.867	12.102	0.033765	vapor
370.00	3.3818	1.7299	0.57806	27.900	29.855	106.03	88.198	143.52	194.47	13.973	12.173	0.034004	vapor
370.00	3.4185	1.7662	0.56618	27.845	29.781	105.77	88.424	146.17	193.07	14.082	12.247	0.034256	vapor
370.00	3.4551	1.8037	0.55443	27.789	29.704	105.51	88.660	149.03	191.64	14.193	12.324	0.034523	vapor
370.00	3.4918	1.8423	0.54279	27.730	29.626	105.24	88.907	152.13	190.19	14.306	12.406	0.034806	vapor
370.00	3.5284	1.8823	0.53125	27.670	29.545	104.97	89.167	155.51	188.71	14.421	12.491	0.035107	vapor
370.00	3.5651	1.9238	0.51981	27.608	29.461	104.69	89.439	159.20	187.20	14.539	12.580	0.035428	vapor
370.00	3.6017	1.9668	0.50843	27.544	29.375	104.41	89.727	163.25	185.65	14.658	12.674	0.035771	vapor
370.00	3.6384	2.0116	0.49712	27.477	29.286	104.12	90.032	167.72	184.08	14.780	12.774	0.036140	vapor
370.00	3.6750	2.0583	0.48584	27.408	29.193	103.82	90.356	172.69	182.47	14.903	12.879	0.036537	vapor
370.00	3.7117	2.1071	0.47459	27.335	29.097	103.51	90.702	178.24	180.82	15.029	12.991	0.036967	vapor
370.00	3.7483	2.1583	0.46333	27.260	28.997	103.19	91.072	184.49	179.12	15.156	13.110	0.037435	vapor
370.00	3.7850	2.2122	0.45205	27.181	28.892	102.87	91.472	191.59	177.38	15.285	13.237	0.037948	vapor
370.00	3.8216	2.2691	0.44071	27.098	28.782	102.52	91.904	199.73	175.59	15.414	13.374	0.038512	vapor
370.00	3.8583	2.3295	0.42928	27.010	28.666	102.17	92.377	209.19	173.74	15.544	13.522	0.039139	vapor
370.00	3.8949	2.3940	0.41771	26.916	28.543	101.79	92.896	220.31	171.83	15.674	13.682	0.039841	vapor
370.00	3.9316	2.4633	0.40596	26.816	28.412	101.40	93.472	233.62	169.85	15.802	13.858	0.040637	vapor
370.00	3.9682	2.5384	0.39395	26.709	28.272	100.98	94.119	249.86	167.77	15.927	14.052	0.041551	vapor
370.00	4.0049	2.6206	0.38159	26.591	28.120	100.53	94.854	270.20	165.60	16.046	14.270	0.042619	vapor
370.00	4.0415	2.7118	0.36876	26.462	27.953	100.04	95.704	296.51	163.31	16.156	14.516	0.043894	vapor
370.00	4.0782	2.8148	0.35526	26.318	27.767	99.504	96.706	332.09	160.86	16.249	14.802	0.045463	vapor
370.00	4.1148	2.9343	0.34079	26.152	27.554	98.895	97.924	383.32	158.21	16.316	15.144	0.047474	vapor
370.00	4.1515	3.0785	0.32483	25.954	27.303	98.182	99.464	464.47	155.27	16.335	15.569	0.050225	vapor
370.00	4.1881	3.2649	0.30629	25.702	26.985	97.293	101.55	616.40	151.85	16.260	16.142	0.054427	vapor
370.00	4.2248	3.5458	0.28203	25.333	26.524	96.018	104.76	1030.1	147.43	15.953	17.055	0.062653	vapor
370.00	4.2614	5.0712	0.19719	23.604	24.444	90.371	112.31	38602.	134.05	12.691	23.233	0.17965	vapor
370.00	4.2614	5.0712	0.19719	23.604	24.444	90.371	112.31	38602.	134.05	12.691	23.233	0.17965	supercritical
370.00	4.2614	5.0712	0.19719	23.604	24.444	90.371	112.31	38602.	134.05	12.691	23.233	0.17965	supercritical
370.00	4.2981	6.3156	0.15834	22.498	23.179	86.934	100.79	993.23	158.91	8.4586	30.281	0.072587	supercritical
370.00	4.3347	6.5548	0.15256	22.292	22.953	86.309	98.385	645.25	172.20	7.2959	31.909	0.068886	supercritical
370.00	4.3714	6.7099	0.14903	22.157	22.808	85.902	96.950	514.50	182.40	6.5580	33.019	0.067394	supercritical
370.00	4.4080	6.8276	0.14646	22.053	22.698	85.591	95.935	443.30	190.96	6.0192	33.892	0.066636	supercritical
370.00	4.4447	6.9238	0.14443	21.967	22.609	85.336	95.157	397.58	198.45	5.5973	34.625	0.066221	supercritical
370.00	4.4813	7.0057	0.14274	21.894	22.534	85.117	94.531	365.32	205.16	5.2527	35.264	0.065992	supercritical
370.00	4.5180	7.0775	0.14129	21.829	22.468	84.925	94.010	341.11	211.30	4.9627	35.835	0.065874	supercritical
370.00	4.5546	7.1415	0.14003	21.771	22.409	84.752	93.566	322.15	216.97	4.7135	36.354	0.065827	supercritical
370.00	4.5913	7.1995	0.13890	21.718	22.356	84.595	93.181	306.81	222.26	4.4957	36.832	0.065826	supercritical
370.00	4.6279	7.2526	0.13788	21.669	22.308	84.450	92.842	294.09	227.24	4.3029	37.276	0.065858	supercritical
370.00	4.6646	7.3017	0.13695	21.624	22.263	84.316	92.541	283.33	231.94	4.1304	37.692	0.065912	supercritical
370.00	4.7012	7.3474	0.13610	21.582	22.222	84.191	92.271	274.10	236.42	3.9748	38.084	0.065981	supercritical
370.00	4.7379	7.3902	0.13531	21.542	22.183	84.073	92.026	266.06	240.68	3.8332	38.455	0.066063	supercritical
370.00	4.7745	7.4305	0.13458	21.504	22.147	83.962	91.802	258.98	244.77	3.7037	38.809	0.066152	supercritical
370.00	4.8111	7.4686	0.13389	21.468	22.113	83.856	91.597	252.69	248.70	3.5845	39.147	0.066248	supercritical
370.00	4.8478	7.5047	0.13325	21.434	22.080	83.756	91.409	247.06	252.48	3.4742	39.470	0.066348	supercritical
370.00	4.8844	7.5391	0.13264	21.402	22.050	83.659	91.234	241.98	256.13	3.3718	39.782	0.066451	supercritical
370.00	4.9211	7.5720	0.13207	21.371	22.020	83.567	91.071	237.36	259.65	3.2764	40.081	0.066557	supercritical
370.00	4.9577	7.6034	0.13152	21.341	21.993	83.479	90.920	233.15	263.07	3.1871	40.371	0.066664	supercritical
370.00	4.9944	7.6336	0.13100	21.312	21.966	83.394	90.778	229.29	266.39	3.1033	40.651	0.066772	supercritical
370.00	5.0310	7.6626	0.13050	21.284	21.940	83.312	90.645	225.73	269.62	3.0244	40.923	0.066880	supercritical
370.00	5.0677	7.6906	0.13003	21.257	21.916	83.233	90.519	222.43	272.76	2.9501	41.186	0.066989	supercritical
370.00	5.1043	7.7176	0.12957	21.231	21.892	83.156	90.401	219.37	275.81	2.8797	41.443	0.067098	supercritical
370.00	5.1410	7.7436	0.12914	21.206	21.870	83.082	90.289	216.52	278.80	2.8131	41.692	0.067206	supercritical
370.00	5.1776	7.7689	0.12872	21.181	21.848	83.010	90.183	213.86	281.71	2.7498	41.935	0.067314	supercritical
370.00	5.2143	7.7933	0.12832	21.157	21.826	82.940	90.082	211.36	284.56	2.6895	42.172	0.067422	supercritical
370.00	5.2509	7.8170	0.12793	21.134	21.806	82.872	89.986	209.01	287.34	2.6322	42.404	0.067528	supercritical
370.00	5.2876	7.8401	0.12755	21.112	21.786	82.806	89.895	206.80	290.07	2.5774	42.631	0.067635	supercritical
370.00	5.3242	7.8625	0.12719	21.090	21.767	82.741	89.807	204.72	292.74	2.5251	42.852	0.067740	supercritical
370.00	5.3609	7.8843	0.12683	21.068	21.748	82.678	89.724	202.74	295.36	2.4750	43.069	0.067845	supercritical
370.00	5.3975	7.9056	0.12649	21.047	21.730	82.616	89.644	200.87	297.93	2.4269	43.282	0.067949	supercritical
370.00	5.4342	7.9263	0.12616	21.027	21.712	82.556	89.568	199.10	300.45	2.3809	43.490	0.068052	supercritical
370.00	5.4708	7.9465	0.12584	21.007	21.695	82.498	89.494	197.41	302.92	2.3366	43.695	0.068154	supercritical
370.00	5.5075	7.9663	0.12553	20.987	21.679	82.440	89.424	195.80	305.36	2.2940	43.896	0.068255	supercritical
370.00	5.5441	7.9856	0.12523	20.968	21.662	82.384	89.356	194.27	307.75	2.2530	44.093	0.068355	supercritical
370.00	5.5808	8.0044	0.12493	20.949	21.646	82.328	89.291	192.80	310.11	2.2135	44.287	0.068455	supercritical
370.00	5.6174	8.0229	0.12464	20.931	21.631	82.274	89.228	191.40	312.42	2.1755	44.478	0.068554	supercritical
370.00	5.6541	8.0410	0.12436	20.913	21.616	82.221	89.168	190.06	314.70	2.1387	44.666	0.068651	supercritical
370.00	5.6907	8.0587	0.12409	20.895	21.601	82.169	89.109	188.77	316.95	2.1032	44.851	0.068748	supercritical
370.00	5.7274	8.0760	0.12382	20.878	21.587	82.118	89.053	187.54	319.16	2.0688	45.033	0.068844	supercritical
370.00	5.7640	8.0930	0.12356	20.861	21.573	82.068	88.998	186.35	321.34	2.0356	45.212	0.068940	supercritical
370.00	5.8007	8.1097	0.12331	20.844	21.559	82.018	88.945	185.21	323.50	2.0034	45.389	0.069034	supercritical
370.00	5.8373	8.1261	0.12306	20.827	21.546	81.970	88.894	184.11	325.62	1.9722	45.564	0.069127	supercritical
370.00	5.8740	8.1422	0.12282	20.811	21.532	81.922	88.845	183.06	327.71	1.9419	45.736	0.069220	supercritical
370.00	5.9106	8.1580	0.12258	20.795	21.520	81.875	88.797	182.04	329.78	1.9126	45.905	0.069312	supercritical
370.00	5.9473	8.1736	0.12235	20.779	21.507	81.829	88.750	181.05	331.82	1.8841	46.073	0.069403	supercritical
370.00	5.9839	8.1888	0.12212	20.764	21.495	81.783	88.705	180.10	333.83	1.8564	46.238	0.069494	supercritical
370.00	6.0206	8.2038	0.12189	20.749	21.482	81.738	88.661	179.18	335.82	1.8295	46.401	0.069583	supercritical
370.00	6.0572	8.2186	0.12168	20.733	21.470	81.694	88.619	178.29	337.78	1.8034	46.563	0.069672	supercritical
370.00	6.0939	8.2332	0.12146	20.719	21.459	81.651	88.577	177.43	339.73	1.7779	46.722	0.069760	supercritical
370.00	6.1305	8.2475	0.12125	20.704	21.447	81.608	88.537	176.60	341.65	1.7531	46.880	0.069848	supercritical
370.00	6.1672	8.2616	0.12104	20.690	21.436	81.565	88.498	175.79	343.54	1.7290	47.036	0.069935	supercritical
370.00	6.2038	8.2754	0.12084	20.675	21.425	81.523	88.460	175.00	345.42	1.7055	47.190	0.070021	supercritical
370.00	6.2405	8.2891	0.12064	20.661	21.414	81.482	88.423	174.24	347.28	1.6826	47.342	0.070106	supercritical
370.00	6.2771	8.3026	0.12044	20.648	21.404	81.441	88.386	173.50	349.11	1.6602	47.493	0.070191	supercritical
370.00	6.3138	8.3159	0.12025	20.634	21.393	81.401	88.351	172.79	350.93	1.6384	47.642	0.070275	supercritical
370.00	6.3504	8.3290	0.12006	20.620	21.383	81.361	88.317	172.09	352.73	1.6171	47.790	0.070358	supercritical
370.00	6.3871	8.3419	0.11988	20.607	21.373	81.322	88.283	171.41	354.51	1.5964	47.936	0.070441	supercritical
370.00	6.4237	8.3547	0.11969	20.594	21.363	81.284	88.251	170.75	356.27	1.5761	48.080	0.070523	supercritical
370.00	6.4604	8.3673	0.11951	20.581	21.353	81.245	88.219	170.11	358.02	1.5563	48.224	0.070605	supercritical
370.00	6.4970	8.3797	0.11934	20.568	21.343	81.207	88.188	169.48	359.75	1.5369	48.366	0.070686	supercritical
370.00	6.5337	8.3920	0.11916	20.555	21.334	81.170	88.157	168.87	361.46	1.5179	48.506	0.070766	supercritical
370.00	6.5703	8.4041	0.11899	20.543	21.325	81.133	88.128	168.28	363.15	1.4994	48.646	0.070846	supercritical
370.00	6.6070	8.4160	0.11882	20.530	21.315	81.096	88.098	167.70	364.83	1.4813	48.784	0.070925	supercritical
370.00	6.6436	8.4278	0.11865	20.518	21.306	81.060	88.070	167.13	366.50	1.4635	48.921	0.071004	supercritical
370.00	6.6803	8.4395	0.11849	20.506	21.297	81.024	88.042	166.58	368.15	1.4462	49.056	0.071082	supercritical
370.00	6.7169	8.4511	0.11833	20.494	21.289	80.989	88.015	166.04	369.78	1.4291	49.191	0.071160	supercritical
370.00	6.7536	8.4625	0.11817	20.482	21.280	80.954	87.989	165.51	371.40	1.4125	49.324	0.071237	supercritical
370.00	6.7902	8.4737	0.11801	20.470	21.272	80.919	87.963	165.00	373.01	1.3962	49.456	0.071314	supercritical
370.00	6.8269	8.4849	0.11786	20.459	21.263	80.885	87.937	164.50	374.61	1.3802	49.588	0.071390	supercritical
370.00	6.8635	8.4959	0.11770	20.447	21.255	80.851	87.912	164.01	376.19	1.3645	49.718	0.071465	supercritical
370.00	6.9002	8.5068	0.11755	20.436	21.247	80.817	87.888	163.53	377.75	1.3491	49.847	0.071540	supercritical
370.00	6.9368	8.5176	0.11740	20.424	21.239	80.784	87.864	163.06	379.31	1.3340	49.975	0.071615	supercritical
370.00	6.9735	8.5282	0.11726	20.413	21.231	80.751	87.841	162.60	380.85	1.3192	50.102	0.071689	supercritical
370.00	7.0101	8.5388	0.11711	20.402	21.223	80.718	87.818	162.15	382.38	1.3047	50.228	0.071763	supercritical
370.00	7.0468	8.5492	0.11697	20.391	21.215	80.686	87.795	161.71	383.90	1.2904	50.353	0.071836	supercritical
370.00	7.0834	8.5596	0.11683	20.380	21.208	80.654	87.773	161.27	385.41	1.2765	50.478	0.071909	supercritical
370.00	7.1201	8.5698	0.11669	20.369	21.200	80.622	87.751	160.85	386.90	1.2627	50.601	0.071982	supercritical
370.00	7.1567	8.5799	0.11655	20.359	21.193	80.590	87.730	160.44	388.39	1.2492	50.724	0.072054	supercritical
370.00	7.1934	8.5899	0.11642	20.348	21.186	80.559	87.709	160.03	389.86	1.2360	50.845	0.072125	supercritical
370.00	7.2300	8.5999	0.11628	20.338	21.178	80.528	87.689	159.63	391.32	1.2229	50.966	0.072196	supercritical
370.00	7.2667	8.6097	0.11615	20.327	21.171	80.497	87.669	159.24	392.77	1.2101	51.086	0.072267	supercritical
370.00	7.3033	8.6194	0.11602	20.317	21.164	80.467	87.649	158.86	394.21	1.1976	51.205	0.072337	supercritical
370.00	7.3400	8.6291	0.11589	20.307	21.157	80.437	87.630	158.48	395.64	1.1852	51.324	0.072407	supercritical
370.00	7.3766	8.6386	0.11576	20.297	21.150	80.407	87.611	158.11	397.07	1.1730	51.441	0.072477	supercritical
370.00	7.4133	8.6481	0.11563	20.286	21.144	80.377	87.592	157.75	398.48	1.1611	51.558	0.072546	supercritical
370.00	7.4499	8.6575	0.11551	20.277	21.137	80.348	87.574	157.39	399.88	1.1493	51.674	0.072615	supercritical
370.00	7.4866	8.6668	0.11538	20.267	21.130	80.318	87.556	157.05	401.27	1.1377	51.790	0.072683	supercritical
370.00	7.5232	8.6760	0.11526	20.257	21.124	80.289	87.539	156.70	402.65	1.1263	51.904	0.072751	supercritical
370.00	7.5599	8.6852	0.11514	20.247	21.118	80.261	87.521	156.37	404.03	1.1151	52.018	0.072819	supercritical
370.00	7.5965	8.6942	0.11502	20.237	21.111	80.232	87.504	156.03	405.39	1.1041	52.132	0.072886	supercritical
370.00	7.6332	8.7032	0.11490	20.228	21.105	80.204	87.487	155.71	406.75	1.0933	52.244	0.072953	supercritical
370.00	7.6698	8.7121	0.11478	20.218	21.099	80.175	87.471	155.39	408.10	1.0826	52.356	0.073020	supercritical
370.00	7.7065	8.7209	0.11467	20.209	21.093	80.148	87.455	155.07	409.43	1.0720	52.467	0.073086	supercritical
370.00	7.7431	8.7297	0.11455	20.200	21.086	80.120	87.439	154.76	410.76	1.0617	52.578	0.073152	supercritical
370.00	7.7798	8.7384	0.11444	20.190	21.081	80.092	87.423	154.46	412.09	1.0514	52.688	0.073218	supercritical
370.00	7.8164	8.7470	0.11433	20.181	21.075	80.065	87.408	154.16	413.40	1.0414	52.797	0.073283	supercritical
370.00	7.8531	8.7555	0.11421	20.172	21.069	80.038	87.393	153.87	414.71	1.0315	52.906	0.073348	supercritical
370.00	7.8897	8.7640	0.11410	20.163	21.063	80.011	87.378	153.58	416.01	1.0217	53.014	0.073413	supercritical
370.00	7.9264	8.7724	0.11399	20.154	21.057	79.984	87.363	153.29	417.30	1.0121	53.122	0.073477	supercritical
370.00	7.9630	8.7807	0.11389	20.145	21.052	79.958	87.349	153.01	418.58	1.0026	53.229	0.073541	supercritical
370.00	7.9997	8.7890	0.11378	20.136	21.046	79.931	87.335	152.73	419.85	0.99321	53.335	0.073605	supercritical
370.00	8.0363	8.7972	0.11367	20.127	21.040	79.905	87.321	152.46	421.12	0.98398	53.441	0.073668	supercritical
370.00	8.0730	8.8054	0.11357	20.118	21.035	79.879	87.307	152.19	422.38	0.97488	53.546	0.073731	supercritical
370.00	8.1096	8.8135	0.11346	20.109	21.030	79.853	87.293	151.93	423.64	0.96590	53.651	0.073794	supercritical
370.00	8.1463	8.8215	0.11336	20.101	21.024	79.827	87.280	151.67	424.88	0.95705	53.755	0.073857	supercritical
370.00	8.1829	8.8295	0.11326	20.092	21.019	79.802	87.267	151.41	426.12	0.94832	53.859	0.073919	supercritical
370.00	8.2196	8.8374	0.11316	20.084	21.014	79.777	87.254	151.16	427.36	0.93970	53.962	0.073981	supercritical
370.00	8.2562	8.8452	0.11306	20.075	21.009	79.751	87.241	150.91	428.58	0.93120	54.064	0.074043	supercritical
370.00	8.2929	8.8530	0.11296	20.067	21.003	79.726	87.229	150.66	429.80	0.92282	54.166	0.074104	supercritical
370.00	8.3295	8.8608	0.11286	20.058	20.998	79.701	87.217	150.42	431.01	0.91454	54.268	0.074166	supercritical
370.00	8.3662	8.8685	0.11276	20.050	20.993	79.677	87.204	150.18	432.22	0.90637	54.369	0.074227	supercritical
370.00	8.4028	8.8761	0.11266	20.042	20.988	79.652	87.192	149.95	433.42	0.89830	54.470	0.074287	supercritical
370.00	8.4395	8.8837	0.11257	20.033	20.983	79.628	87.181	149.72	434.62	0.89034	54.570	0.074348	supercritical
370.00	8.4761	8.8912	0.11247	20.025	20.979	79.603	87.169	149.49	435.80	0.88248	54.670	0.074408	supercritical
370.00	8.5128	8.8987	0.11238	20.017	20.974	79.579	87.158	149.26	436.98	0.87472	54.769	0.074468	supercritical
370.00	8.5494	8.9061	0.11228	20.009	20.969	79.555	87.146	149.04	438.16	0.86705	54.868	0.074527	supercritical
370.00	8.5861	8.9135	0.11219	20.001	20.964	79.531	87.135	148.82	439.33	0.85948	54.966	0.074587	supercritical
370.00	8.6227	8.9208	0.11210	19.993	20.960	79.508	87.124	148.60	440.49	0.85200	55.064	0.074646	supercritical
370.00	8.6594	8.9281	0.11201	19.985	20.955	79.484	87.114	148.39	441.65	0.84462	55.162	0.074705	supercritical
370.00	8.6960	8.9354	0.11191	19.977	20.950	79.461	87.103	148.18	442.80	0.83732	55.259	0.074764	supercritical
370.00	8.7327	8.9425	0.11182	19.969	20.946	79.437	87.092	147.97	443.95	0.83011	55.355	0.074822	supercritical
370.00	8.7693	8.9497	0.11174	19.962	20.941	79.414	87.082	147.76	445.09	0.82299	55.452	0.074881	supercritical
370.00	8.8060	8.9568	0.11165	19.954	20.937	79.391	87.072	147.56	446.23	0.81595	55.547	0.074939	supercritical
370.00	8.8426	8.9638	0.11156	19.946	20.933	79.368	87.062	147.36	447.36	0.80899	55.643	0.074996	supercritical
370.00	8.8793	8.9708	0.11147	19.938	20.928	79.345	87.052	147.16	448.48	0.80212	55.738	0.075054	supercritical
370.00	8.9159	8.9778	0.11139	19.931	20.924	79.323	87.042	146.97	449.60	0.79532	55.832	0.075111	supercritical
370.00	8.9526	8.9847	0.11130	19.923	20.920	79.300	87.033	146.77	450.71	0.78860	55.927	0.075169	supercritical
370.00	8.9892	8.9916	0.11121	19.916	20.915	79.278	87.023	146.58	451.82	0.78196	56.020	0.075226	supercritical
370.00	9.0259	8.9984	0.11113	19.908	20.911	79.255	87.014	146.39	452.93	0.77540	56.114	0.075282	supercritical
370.00	9.0625	9.0052	0.11105	19.901	20.907	79.233	87.004	146.21	454.03	0.76891	56.207	0.075339	supercritical
370.00	9.0992	9.0120	0.11096	19.893	20.903	79.211	86.995	146.02	455.12	0.76249	56.300	0.075395	supercritical
370.00	9.1358	9.0187	0.11088	19.886	20.899	79.189	86.986	145.84	456.21	0.75614	56.392	0.075451	supercritical
370.00	9.1725	9.0254	0.11080	19.879	20.895	79.167	86.977	145.66	457.29	0.74986	56.484	0.075507	supercritical
370.00	9.2091	9.0320	0.11072	19.871	20.891	79.146	86.969	145.48	458.37	0.74365	56.575	0.075563	supercritical
370.00	9.2458	9.0386	0.11064	19.864	20.887	79.124	86.960	145.31	459.45	0.73751	56.667	0.075619	supercritical
370.00	9.2824	9.0452	0.11056	19.857	20.883	79.103	86.952	145.13	460.52	0.73143	56.758	0.075674	supercritical
370.00	9.3191	9.0517	0.11048	19.850	20.879	79.081	86.943	144.96	461.58	0.72542	56.848	0.075729	supercritical
370.00	9.3557	9.0582	0.11040	19.843	20.875	79.060	86.935	144.79	462.64	0.71948	56.938	0.075784	supercritical
370.00	9.3924	9.0646	0.11032	19.835	20.872	79.039	86.927	144.62	463.70	0.71359	57.028	0.075839	supercritical
370.00	9.4290	9.0711	0.11024	19.828	20.868	79.017	86.919	144.46	464.75	0.70777	57.118	0.075893	supercritical
370.00	9.4657	9.0774	0.11016	19.821	20.864	78.996	86.911	144.29	465.80	0.70201	57.207	0.075948	supercritical
370.00	9.5023	9.0838	0.11009	19.814	20.860	78.976	86.903	144.13	466.84	0.69631	57.296	0.076002	supercritical
370.00	9.5390	9.0901	0.11001	19.807	20.857	78.955	86.895	143.97	467.88	0.69067	57.385	0.076056	supercritical
370.00	9.5756	9.0964	0.10993	19.800	20.853	78.934	86.887	143.81	468.91	0.68509	57.473	0.076110	supercritical
370.00	9.6123	9.1026	0.10986	19.794	20.850	78.913	86.880	143.66	469.94	0.67956	57.561	0.076163	supercritical
370.00	9.6489	9.1088	0.10978	19.787	20.846	78.893	86.872	143.50	470.97	0.67409	57.648	0.076217	supercritical
370.00	9.6856	9.1150	0.10971	19.780	20.842	78.873	86.865	143.35	471.99	0.66867	57.736	0.076270	supercritical
370.00	9.7222	9.1211	0.10964	19.773	20.839	78.852	86.858	143.19	473.00	0.66331	57.823	0.076323	supercritical
370.00	9.7589	9.1272	0.10956	19.766	20.836	78.832	86.850	143.04	474.02	0.65800	57.909	0.076376	supercritical
370.00	9.7955	9.1333	0.10949	19.760	20.832	78.812	86.843	142.89	475.03	0.65274	57.996	0.076429	supercritical
370.00	9.8322	9.1393	0.10942	19.753	20.829	78.792	86.836	142.75	476.03	0.64754	58.082	0.076482	supercritical
370.00	9.8688	9.1454	0.10935	19.746	20.825	78.772	86.829	142.60	477.03	0.64238	58.168	0.076534	supercritical
370.00	9.9055	9.1513	0.10927	19.740	20.822	78.752	86.823	142.46	478.03	0.63728	58.253	0.076587	supercritical
370.00	9.9421	9.1573	0.10920	19.733	20.819	78.732	86.816	142.31	479.02	0.63222	58.339	0.076639	supercritical
370.00	9.9788	9.1632	0.10913	19.726	20.815	78.713	86.809	142.17	480.01	0.62722	58.424	0.076691	supercritical
370.00	10.015	9.1691	0.10906	19.720	20.812	78.693	86.803	142.03	481.00	0.62226	58.509	0.076743	supercritical
370.00	10.052	9.1750	0.10899	19.713	20.809	78.673	86.796	141.89	481.98	0.61735	58.593	0.076794	supercritical
370.00	10.089	9.1808	0.10892	19.707	20.806	78.654	86.790	141.76	482.96	0.61248	58.677	0.076846	supercritical
370.00	10.125	9.1866	0.10885	19.700	20.803	78.635	86.783	141.62	483.94	0.60766	58.761	0.076897	supercritical
370.00	10.162	9.1924	0.10879	19.694	20.799	78.615	86.777	141.48	484.91	0.60288	58.845	0.076948	supercritical
370.00	10.199	9.1981	0.10872	19.687	20.796	78.596	86.771	141.35	485.87	0.59815	58.928	0.077000	supercritical
370.00	10.235	9.2039	0.10865	19.681	20.793	78.577	86.765	141.22	486.84	0.59347	59.011	0.077050	supercritical
370.00	10.272	9.2096	0.10858	19.675	20.790	78.558	86.759	141.09	487.80	0.58882	59.094	0.077101	supercritical
370.00	10.309	9.2152	0.10852	19.668	20.787	78.539	86.753	140.96	488.76	0.58422	59.177	0.077152	supercritical
370.00	10.345	9.2209	0.10845	19.662	20.784	78.520	86.747	140.83	489.71	0.57966	59.259	0.077202	supercritical
370.00	10.382	9.2265	0.10838	19.656	20.781	78.502	86.741	140.70	490.66	0.57514	59.341	0.077253	supercritical
370.00	10.419	9.2321	0.10832	19.650	20.778	78.483	86.735	140.58	491.61	0.57066	59.423	0.077303	supercritical
370.00	10.455	9.2376	0.10825	19.643	20.775	78.464	86.730	140.45	492.55	0.56622	59.505	0.077353	supercritical
370.00	10.492	9.2432	0.10819	19.637	20.772	78.446	86.724	140.33	493.49	0.56182	59.586	0.077403	supercritical
370.00	10.529	9.2487	0.10812	19.631	20.769	78.427	86.719	140.21	494.42	0.55746	59.667	0.077453	supercritical
370.00	10.565	9.2542	0.10806	19.625	20.767	78.409	86.713	140.08	495.36	0.55313	59.748	0.077502	supercritical
370.00	10.602	9.2596	0.10800	19.619	20.764	78.390	86.708	139.96	496.29	0.54885	59.829	0.077552	supercritical
370.00	10.638	9.2650	0.10793	19.613	20.761	78.372	86.703	139.84	497.22	0.54460	59.909	0.077601	supercritical
370.00	10.675	9.2705	0.10787	19.607	20.758	78.354	86.697	139.73	498.14	0.54039	59.989	0.077650	supercritical
370.00	10.712	9.2758	0.10781	19.601	20.755	78.336	86.692	139.61	499.06	0.53621	60.069	0.077700	supercritical
370.00	10.748	9.2812	0.10774	19.595	20.753	78.318	86.687	139.49	499.98	0.53207	60.149	0.077749	supercritical
370.00	10.785	9.2865	0.10768	19.589	20.750	78.300	86.682	139.38	500.89	0.52797	60.229	0.077797	supercritical
370.00	10.822	9.2919	0.10762	19.583	20.747	78.282	86.677	139.26	501.80	0.52390	60.308	0.077846	supercritical
370.00	10.858	9.2972	0.10756	19.577	20.745	78.264	86.672	139.15	502.71	0.51986	60.387	0.077895	supercritical
370.00	10.895	9.3024	0.10750	19.571	20.742	78.246	86.667	139.04	503.62	0.51586	60.466	0.077943	supercritical
370.00	10.932	9.3077	0.10744	19.565	20.739	78.228	86.662	138.93	504.52	0.51189	60.544	0.077991	supercritical
370.00	10.968	9.3129	0.10738	19.559	20.737	78.211	86.657	138.82	505.42	0.50795	60.623	0.078040	supercritical
370.00	11.005	9.3181	0.10732	19.553	20.734	78.193	86.653	138.71	506.31	0.50405	60.701	0.078088	supercritical
370.00	11.042	9.3233	0.10726	19.547	20.732	78.176	86.648	138.60	507.21	0.50018	60.779	0.078136	supercritical
370.00	11.078	9.3284	0.10720	19.542	20.729	78.158	86.643	138.49	508.10	0.49634	60.857	0.078184	supercritical
370.00	11.115	9.3336	0.10714	19.536	20.727	78.141	86.639	138.39	508.98	0.49253	60.934	0.078231	supercritical
370.00	11.152	9.3387	0.10708	19.530	20.724	78.123	86.634	138.28	509.87	0.48875	61.012	0.078279	supercritical
370.00	11.188	9.3438	0.10702	19.524	20.722	78.106	86.630	138.17	510.75	0.48500	61.089	0.078326	supercritical
370.00	11.225	9.3488	0.10697	19.519	20.719	78.089	86.626	138.07	511.63	0.48128	61.166	0.078374	supercritical
370.00	11.262	9.3539	0.10691	19.513	20.717	78.072	86.621	137.97	512.51	0.47759	61.243	0.078421	supercritical
370.00	11.298	9.3589	0.10685	19.507	20.714	78.055	86.617	137.87	513.38	0.47393	61.319	0.078468	supercritical
370.00	11.335	9.3639	0.10679	19.502	20.712	78.038	86.613	137.76	514.25	0.47030	61.396	0.078515	supercritical
370.00	11.371	9.3689	0.10674	19.496	20.710	78.021	86.609	137.66	515.12	0.46670	61.472	0.078562	supercritical
370.00	11.408	9.3739	0.10668	19.490	20.707	78.004	86.604	137.56	515.98	0.46313	61.548	0.078609	supercritical
370.00	11.445	9.3788	0.10662	19.485	20.705	77.987	86.600	137.46	516.85	0.45958	61.624	0.078655	supercritical
370.00	11.481	9.3838	0.10657	19.479	20.703	77.970	86.596	137.37	517.71	0.45606	61.699	0.078702	supercritical
370.00	11.518	9.3887	0.10651	19.474	20.700	77.954	86.592	137.27	518.56	0.45257	61.775	0.078748	supercritical
370.00	11.555	9.3936	0.10646	19.468	20.698	77.937	86.588	137.17	519.42	0.44911	61.850	0.078795	supercritical
370.00	11.591	9.3984	0.10640	19.463	20.696	77.920	86.585	137.08	520.27	0.44567	61.925	0.078841	supercritical
370.00	11.628	9.4033	0.10635	19.457	20.694	77.904	86.581	136.98	521.12	0.44225	62.000	0.078887	supercritical
370.00	11.665	9.4081	0.10629	19.452	20.691	77.887	86.577	136.89	521.97	0.43887	62.075	0.078933	supercritical
370.00	11.701	9.4129	0.10624	19.446	20.689	77.871	86.573	136.79	522.81	0.43551	62.149	0.078979	supercritical
370.00	11.738	9.4177	0.10618	19.441	20.687	77.854	86.569	136.70	523.65	0.43217	62.224	0.079025	supercritical
370.00	11.775	9.4225	0.10613	19.435	20.685	77.838	86.566	136.61	524.49	0.42886	62.298	0.079071	supercritical
370.00	11.811	9.4273	0.10608	19.430	20.683	77.822	86.562	136.52	525.33	0.42557	62.372	0.079116	supercritical
370.00	11.848	9.4320	0.10602	19.425	20.681	77.805	86.559	136.43	526.17	0.42231	62.445	0.079162	supercritical
370.00	11.885	9.4367	0.10597	19.419	20.679	77.789	86.555	136.34	527.00	0.41907	62.519	0.079207	supercritical
370.00	11.921	9.4414	0.10592	19.414	20.676	77.773	86.551	136.25	527.83	0.41585	62.593	0.079252	supercritical
370.00	11.958	9.4461	0.10586	19.408	20.674	77.757	86.548	136.16	528.66	0.41266	62.666	0.079298	supercritical
370.00	11.995	9.4508	0.10581	19.403	20.672	77.741	86.545	136.07	529.48	0.40949	62.739	0.079343	supercritical
370.00	12.031	9.4554	0.10576	19.398	20.670	77.725	86.541	135.98	530.30	0.40635	62.812	0.079388	supercritical
370.00	12.068	9.4601	0.10571	19.393	20.668	77.709	86.538	135.90	531.13	0.40323	62.885	0.079433	supercritical
370.00	12.104	9.4647	0.10566	19.387	20.666	77.693	86.535	135.81	531.94	0.40013	62.957	0.079477	supercritical
370.00	12.141	9.4693	0.10560	19.382	20.664	77.677	86.531	135.72	532.76	0.39705	63.030	0.079522	supercritical
370.00	12.178	9.4739	0.10555	19.377	20.662	77.662	86.528	135.64	533.57	0.39399	63.102	0.079567	supercritical
370.00	12.214	9.4784	0.10550	19.372	20.660	77.646	86.525	135.55	534.38	0.39096	63.174	0.079611	supercritical
370.00	12.251	9.4830	0.10545	19.367	20.658	77.630	86.522	135.47	535.19	0.38794	63.246	0.079656	supercritical
370.00	12.288	9.4875	0.10540	19.361	20.657	77.615	86.519	135.39	536.00	0.38495	63.318	0.079700	supercritical
370.00	12.324	9.4921	0.10535	19.356	20.655	77.599	86.516	135.30	536.80	0.38198	63.390	0.079744	supercritical
370.00	12.361	9.4966	0.10530	19.351	20.653	77.584	86.513	135.22	537.61	0.37903	63.461	0.079788	supercritical
370.00	12.398	9.5010	0.10525	19.346	20.651	77.568	86.510	135.14	538.41	0.37610	63.533	0.079832	supercritical
370.00	12.434	9.5055	0.10520	19.341	20.649	77.553	86.507	135.06	539.21	0.37319	63.604	0.079876	supercritical
370.00	12.471	9.5100	0.10515	19.336	20.647	77.537	86.504	134.98	540.00	0.37030	63.675	0.079920	supercritical
370.00	12.508	9.5144	0.10510	19.331	20.645	77.522	86.501	134.90	540.80	0.36743	63.746	0.079964	supercritical
370.00	12.544	9.5188	0.10505	19.326	20.644	77.507	86.498	134.82	541.59	0.36457	63.817	0.080008	supercritical
370.00	12.581	9.5232	0.10501	19.321	20.642	77.491	86.495	134.74	542.38	0.36174	63.887	0.080051	supercritical
370.00	12.618	9.5276	0.10496	19.316	20.640	77.476	86.492	134.66	543.16	0.35893	63.958	0.080095	supercritical
370.00	12.654	9.5320	0.10491	19.311	20.638	77.461	86.490	134.59	543.95	0.35614	64.028	0.080138	supercritical
370.00	12.691	9.5364	0.10486	19.306	20.636	77.446	86.487	134.51	544.73	0.35336	64.098	0.080182	supercritical
370.00	12.728	9.5407	0.10481	19.301	20.635	77.431	86.484	134.43	545.51	0.35060	64.168	0.080225	supercritical
370.00	12.764	9.5451	0.10477	19.296	20.633	77.416	86.482	134.36	546.29	0.34787	64.238	0.080268	supercritical
370.00	12.801	9.5494	0.10472	19.291	20.631	77.401	86.479	134.28	547.07	0.34515	64.308	0.080311	supercritical
370.00	12.837	9.5537	0.10467	19.286	20.630	77.386	86.476	134.21	547.85	0.34244	64.377	0.080354	supercritical
370.00	12.874	9.5580	0.10462	19.281	20.628	77.371	86.474	134.13	548.62	0.33976	64.447	0.080397	supercritical
370.00	12.911	9.5623	0.10458	19.276	20.626	77.356	86.471	134.06	549.39	0.33709	64.516	0.080440	supercritical
370.00	12.947	9.5665	0.10453	19.271	20.625	77.341	86.469	133.99	550.16	0.33444	64.585	0.080483	supercritical
370.00	12.984	9.5708	0.10448	19.266	20.623	77.326	86.466	133.91	550.93	0.33181	64.654	0.080525	supercritical
370.00	13.021	9.5750	0.10444	19.262	20.621	77.312	86.464	133.84	551.69	0.32920	64.723	0.080568	supercritical
370.00	13.057	9.5792	0.10439	19.257	20.620	77.297	86.462	133.77	552.46	0.32660	64.792	0.080610	supercritical
370.00	13.094	9.5834	0.10435	19.252	20.618	77.282	86.459	133.70	553.22	0.32402	64.860	0.080653	supercritical
370.00	13.131	9.5876	0.10430	19.247	20.617	77.268	86.457	133.63	553.98	0.32145	64.929	0.080695	supercritical
370.00	13.167	9.5918	0.10426	19.242	20.615	77.253	86.455	133.55	554.74	0.31890	64.997	0.080737	supercritical
370.00	13.204	9.5960	0.10421	19.237	20.613	77.239	86.452	133.48	555.49	0.31637	65.065	0.080779	supercritical
370.00	13.241	9.6001	0.10417	19.233	20.612	77.224	86.450	133.41	556.25	0.31385	65.134	0.080822	supercritical
370.00	13.277	9.6043	0.10412	19.228	20.610	77.210	86.448	133.35	557.00	0.31135	65.202	0.080864	supercritical
370.00	13.314	9.6084	0.10408	19.223	20.609	77.195	86.446	133.28	557.75	0.30887	65.269	0.080906	supercritical
370.00	13.351	9.6125	0.10403	19.219	20.607	77.181	86.443	133.21	558.50	0.30640	65.337	0.080947	supercritical
370.00	13.387	9.6166	0.10399	19.214	20.606	77.167	86.441	133.14	559.24	0.30394	65.405	0.080989	supercritical
370.00	13.424	9.6207	0.10394	19.209	20.604	77.152	86.439	133.07	559.99	0.30150	65.472	0.081031	supercritical
370.00	13.461	9.6248	0.10390	19.204	20.603	77.138	86.437	133.01	560.73	0.29908	65.539	0.081073	supercritical
370.00	13.497	9.6288	0.10385	19.200	20.602	77.124	86.435	132.94	561.47	0.29667	65.607	0.081114	supercritical
370.00	13.534	9.6329	0.10381	19.195	20.600	77.110	86.433	132.87	562.21	0.29428	65.674	0.081156	supercritical
370.00	13.570	9.6369	0.10377	19.190	20.599	77.096	86.431	132.81	562.95	0.29190	65.741	0.081197	supercritical
370.00	13.607	9.6409	0.10372	19.186	20.597	77.081	86.429	132.74	563.69	0.28953	65.807	0.081238	supercritical
370.00	13.644	9.6449	0.10368	19.181	20.596	77.067	86.427	132.68	564.42	0.28718	65.874	0.081280	supercritical
370.00	13.680	9.6489	0.10364	19.177	20.594	77.053	86.425	132.61	565.15	0.28485	65.941	0.081321	supercritical
370.00	13.717	9.6529	0.10360	19.172	20.593	77.039	86.423	132.55	565.88	0.28252	66.007	0.081362	supercritical
370.00	13.754	9.6569	0.10355	19.167	20.592	77.025	86.421	132.48	566.61	0.28022	66.073	0.081403	supercritical
370.00	13.790	9.6609	0.10351	19.163	20.590	77.012	86.419	132.42	567.34	0.27792	66.140	0.081444	supercritical
370.00	13.827	9.6648	0.10347	19.158	20.589	76.998	86.418	132.36	568.07	0.27564	66.206	0.081485	supercritical
370.00	13.864	9.6687	0.10343	19.154	20.588	76.984	86.416	132.29	568.79	0.27337	66.272	0.081526	supercritical
370.00	13.900	9.6727	0.10338	19.149	20.586	76.970	86.414	132.23	569.51	0.27112	66.338	0.081566	supercritical
370.00	13.937	9.6766	0.10334	19.145	20.585	76.956	86.412	132.17	570.23	0.26888	66.403	0.081607	supercritical
370.00	13.974	9.6805	0.10330	19.140	20.584	76.942	86.410	132.11	570.95	0.26665	66.469	0.081648	supercritical
370.00	14.010	9.6844	0.10326	19.136	20.582	76.929	86.409	132.05	571.67	0.26444	66.535	0.081688	supercritical
370.00	14.047	9.6883	0.10322	19.131	20.581	76.915	86.407	131.99	572.38	0.26223	66.600	0.081729	supercritical
370.00	14.084	9.6921	0.10318	19.127	20.580	76.901	86.405	131.93	573.10	0.26004	66.665	0.081769	supercritical
370.00	14.120	9.6960	0.10314	19.122	20.579	76.888	86.404	131.87	573.81	0.25787	66.730	0.081810	supercritical
370.00	14.157	9.6998	0.10309	19.118	20.577	76.874	86.402	131.81	574.52	0.25571	66.796	0.081850	supercritical
370.00	14.194	9.7037	0.10305	19.113	20.576	76.861	86.400	131.75	575.23	0.25355	66.861	0.081890	supercritical
370.00	14.230	9.7075	0.10301	19.109	20.575	76.847	86.399	131.69	575.94	0.25142	66.925	0.081930	supercritical
370.00	14.267	9.7113	0.10297	19.105	20.574	76.834	86.397	131.63	576.65	0.24929	66.990	0.081970	supercritical
370.00	14.303	9.7151	0.10293	19.100	20.573	76.820	86.396	131.57	577.35	0.24717	67.055	0.082010	supercritical
370.00	14.340	9.7189	0.10289	19.096	20.571	76.807	86.394	131.51	578.05	0.24507	67.119	0.082050	supercritical
370.00	14.377	9.7227	0.10285	19.092	20.570	76.794	86.393	131.45	578.76	0.24298	67.184	0.082090	supercritical
370.00	14.413	9.7265	0.10281	19.087	20.569	76.780	86.391	131.40	579.46	0.24090	67.248	0.082130	supercritical
370.00	14.450	9.7302	0.10277	19.083	20.568	76.767	86.390	131.34	580.15	0.23884	67.312	0.082170	supercritical
370.00	14.487	9.7340	0.10273	19.078	20.567	76.754	86.388	131.28	580.85	0.23678	67.376	0.082209	supercritical
370.00	14.523	9.7377	0.10269	19.074	20.566	76.740	86.387	131.23	581.55	0.23474	67.440	0.082249	supercritical
370.00	14.560	9.7414	0.10265	19.070	20.564	76.727	86.386	131.17	582.24	0.23270	67.504	0.082289	supercritical
370.00	14.597	9.7452	0.10262	19.066	20.563	76.714	86.384	131.11	582.93	0.23068	67.568	0.082328	supercritical
370.00	14.633	9.7489	0.10258	19.061	20.562	76.701	86.383	131.06	583.62	0.22867	67.632	0.082368	supercritical
370.00	14.670	9.7526	0.10254	19.057	20.561	76.688	86.381	131.00	584.31	0.22667	67.695	0.082407	supercritical
370.00	14.707	9.7562	0.10250	19.053	20.560	76.675	86.380	130.95	585.00	0.22469	67.759	0.082446	supercritical
370.00	14.743	9.7599	0.10246	19.048	20.559	76.662	86.379	130.89	585.69	0.22271	67.822	0.082485	supercritical
370.00	14.780	9.7636	0.10242	19.044	20.558	76.649	86.378	130.84	586.37	0.22074	67.885	0.082525	supercritical
370.00	14.817	9.7672	0.10238	19.040	20.557	76.636	86.376	130.78	587.06	0.21879	67.949	0.082564	supercritical
370.00	14.853	9.7709	0.10234	19.036	20.556	76.623	86.375	130.73	587.74	0.21684	68.012	0.082603	supercritical
370.00	14.890	9.7745	0.10231	19.031	20.555	76.610	86.374	130.68	588.42	0.21491	68.075	0.082642	supercritical
370.00	14.927	9.7782	0.10227	19.027	20.554	76.597	86.373	130.62	589.10	0.21298	68.138	0.082681	supercritical
370.00	14.963	9.7818	0.10223	19.023	20.553	76.584	86.371	130.57	589.78	0.21107	68.200	0.082720	supercritical
370.00	15.000	9.7854	0.10219	19.019	20.552	76.571	86.370	130.52	590.45	0.20917	68.263	0.082759	supercritical
370.00	15.036	9.7890	0.10216	19.015	20.551	76.558	86.369	130.47	591.13	0.20727	68.326	0.082797	supercritical
370.00	15.073	9.7926	0.10212	19.011	20.550	76.546	86.368	130.41	591.80	0.20539	68.388	0.082836	supercritical
370.00	15.110	9.7961	0.10208	19.006	20.549	76.533	86.367	130.36	592.48	0.20352	68.450	0.082875	supercritical
370.00	15.146	9.7997	0.10204	19.002	20.548	76.520	86.366	130.31	593.15	0.20165	68.513	0.082913	supercritical
370.00	15.183	9.8033	0.10201	18.998	20.547	76.507	86.365	130.26	593.82	0.19980	68.575	0.082952	supercritical
370.00	15.220	9.8068	0.10197	18.994	20.546	76.495	86.364	130.21	594.49	0.19796	68.637	0.082990	supercritical
370.00	15.256	9.8104	0.10193	18.990	20.545	76.482	86.363	130.16	595.15	0.19612	68.699	0.083029	supercritical
370.00	15.293	9.8139	0.10190	18.986	20.544	76.469	86.361	130.11	595.82	0.19430	68.761	0.083067	supercritical
370.00	15.330	9.8174	0.10186	18.982	20.543	76.457	86.360	130.06	596.48	0.19248	68.823	0.083105	supercritical
370.00	15.366	9.8209	0.10182	18.978	20.542	76.444	86.359	130.01	597.15	0.19068	68.885	0.083144	supercritical
370.00	15.403	9.8244	0.10179	18.974	20.541	76.432	86.358	129.96	597.81	0.18888	68.946	0.083182	supercritical
370.00	15.440	9.8279	0.10175	18.969	20.540	76.419	86.358	129.91	598.47	0.18710	69.008	0.083220	supercritical
370.00	15.476	9.8314	0.10171	18.965	20.540	76.407	86.357	129.86	599.13	0.18532	69.069	0.083258	supercritical
370.00	15.513	9.8349	0.10168	18.961	20.539	76.394	86.356	129.81	599.78	0.18355	69.131	0.083296	supercritical
370.00	15.550	9.8384	0.10164	18.957	20.538	76.382	86.355	129.76	600.44	0.18179	69.192	0.083334	supercritical
370.00	15.586	9.8418	0.10161	18.953	20.537	76.370	86.354	129.71	601.10	0.18004	69.253	0.083372	supercritical
370.00	15.623	9.8453	0.10157	18.949	20.536	76.357	86.353	129.66	601.75	0.17830	69.314	0.083410	supercritical
370.00	15.660	9.8487	0.10154	18.945	20.535	76.345	86.352	129.62	602.40	0.17657	69.375	0.083448	supercritical
370.00	15.696	9.8521	0.10150	18.941	20.534	76.333	86.351	129.57	603.05	0.17484	69.436	0.083486	supercritical
370.00	15.733	9.8556	0.10147	18.937	20.534	76.320	86.350	129.52	603.70	0.17313	69.497	0.083523	supercritical
370.00	15.769	9.8590	0.10143	18.933	20.533	76.308	86.350	129.47	604.35	0.17142	69.558	0.083561	supercritical
370.00	15.806	9.8624	0.10140	18.929	20.532	76.296	86.349	129.43	605.00	0.16972	69.619	0.083599	supercritical
370.00	15.843	9.8658	0.10136	18.925	20.531	76.284	86.348	129.38	605.65	0.16803	69.679	0.083636	supercritical
370.00	15.879	9.8692	0.10133	18.921	20.530	76.271	86.347	129.33	606.29	0.16635	69.740	0.083674	supercritical
370.00	15.916	9.8726	0.10129	18.917	20.530	76.259	86.346	129.29	606.94	0.16468	69.800	0.083711	supercritical
370.00	15.953	9.8759	0.10126	18.913	20.529	76.247	86.346	129.24	607.58	0.16301	69.861	0.083749	supercritical
370.00	15.989	9.8793	0.10122	18.910	20.528	76.235	86.345	129.20	608.22	0.16136	69.921	0.083786	supercritical
370.00	16.026	9.8827	0.10119	18.906	20.527	76.223	86.344	129.15	608.86	0.15971	69.981	0.083823	supercritical
370.00	16.063	9.8860	0.10115	18.902	20.527	76.211	86.343	129.11	609.50	0.15807	70.041	0.083860	supercritical
370.00	16.099	9.8894	0.10112	18.898	20.526	76.199	86.343	129.06	610.14	0.15644	70.101	0.083898	supercritical
370.00	16.136	9.8927	0.10108	18.894	20.525	76.187	86.342	129.02	610.77	0.15481	70.161	0.083935	supercritical
370.00	16.173	9.8960	0.10105	18.890	20.524	76.175	86.341	128.97	611.41	0.15320	70.221	0.083972	supercritical
370.00	16.209	9.8993	0.10102	18.886	20.524	76.163	86.341	128.93	612.04	0.15159	70.281	0.084009	supercritical
370.00	16.246	9.9026	0.10098	18.882	20.523	76.151	86.340	128.88	612.68	0.14999	70.340	0.084046	supercritical
370.00	16.283	9.9059	0.10095	18.878	20.522	76.139	86.339	128.84	613.31	0.14840	70.400	0.084083	supercritical
370.00	16.319	9.9092	0.10092	18.875	20.521	76.127	86.339	128.79	613.94	0.14681	70.459	0.084120	supercritical
370.00	16.356	9.9125	0.10088	18.871	20.521	76.115	86.338	128.75	614.57	0.14523	70.519	0.084157	supercritical
370.00	16.393	9.9158	0.10085	18.867	20.520	76.104	86.338	128.71	615.20	0.14366	70.578	0.084193	supercritical
370.00	16.429	9.9191	0.10082	18.863	20.519	76.092	86.337	128.66	615.83	0.14210	70.638	0.084230	supercritical
370.00	16.466	9.9223	0.10078	18.859	20.519	76.080	86.336	128.62	616.45	0.14055	70.697	0.084267	supercritical
370.00	16.502	9.9256	0.10075	18.855	20.518	76.068	86.336	128.58	617.08	0.13900	70.756	0.084304	supercritical
370.00	16.539	9.9288	0.10072	18.852	20.517	76.056	86.335	128.53	617.70	0.13746	70.815	0.084340	supercritical
370.00	16.576	9.9321	0.10068	18.848	20.517	76.045	86.335	128.49	618.32	0.13593	70.874	0.084377	supercritical
370.00	16.612	9.9353	0.10065	18.844	20.516	76.033	86.334	128.45	618.95	0.13440	70.933	0.084413	supercritical
370.00	16.649	9.9385	0.10062	18.840	20.516	76.021	86.334	128.41	619.57	0.13288	70.992	0.084450	supercritical
370.00	16.686	9.9417	0.10059	18.837	20.515	76.010	86.333	128.37	620.19	0.13137	71.050	0.084486	supercritical
370.00	16.722	9.9450	0.10055	18.833	20.514	75.998	86.333	128.32	620.80	0.12987	71.109	0.084522	supercritical
370.00	16.759	9.9482	0.10052	18.829	20.514	75.986	86.332	128.28	621.42	0.12837	71.168	0.084559	supercritical
370.00	16.796	9.9514	0.10049	18.825	20.513	75.975	86.332	128.24	622.04	0.12688	71.226	0.084595	supercritical
370.00	16.832	9.9545	0.10046	18.822	20.513	75.963	86.332	128.20	622.65	0.12539	71.285	0.084631	supercritical
370.00	16.869	9.9577	0.10042	18.818	20.512	75.952	86.331	128.16	623.27	0.12392	71.343	0.084667	supercritical
370.00	16.906	9.9609	0.10039	18.814	20.511	75.940	86.331	128.12	623.88	0.12245	71.401	0.084704	supercritical
370.00	16.942	9.9641	0.10036	18.810	20.511	75.929	86.330	128.08	624.49	0.12098	71.460	0.084740	supercritical
370.00	16.979	9.9672	0.10033	18.807	20.510	75.917	86.330	128.04	625.10	0.11953	71.518	0.084776	supercritical
370.00	17.016	9.9704	0.10030	18.803	20.510	75.906	86.329	128.00	625.71	0.11808	71.576	0.084812	supercritical
370.00	17.052	9.9735	0.10027	18.799	20.509	75.894	86.329	127.96	626.32	0.11664	71.634	0.084848	supercritical
370.00	17.089	9.9766	0.10023	18.796	20.509	75.883	86.329	127.92	626.93	0.11520	71.692	0.084884	supercritical
370.00	17.126	9.9798	0.10020	18.792	20.508	75.872	86.328	127.88	627.53	0.11377	71.750	0.084920	supercritical
370.00	17.162	9.9829	0.10017	18.788	20.507	75.860	86.328	127.84	628.14	0.11235	71.807	0.084955	supercritical
370.00	17.199	9.9860	0.10014	18.785	20.507	75.849	86.328	127.80	628.74	0.11093	71.865	0.084991	supercritical
370.00	17.235	9.9891	0.10011	18.781	20.506	75.838	86.327	127.76	629.35	0.10952	71.923	0.085027	supercritical
370.00	17.272	9.9922	0.10008	18.777	20.506	75.826	86.327	127.72	629.95	0.10811	71.980	0.085063	supercritical
370.00	17.309	9.9953	0.10005	18.774	20.505	75.815	86.327	127.68	630.55	0.10672	72.038	0.085098	supercritical
370.00	17.345	9.9984	0.10002	18.770	20.505	75.804	86.327	127.65	631.15	0.10532	72.095	0.085134	supercritical
370.00	17.382	10.001	0.099985	18.767	20.504	75.793	86.326	127.61	631.75	0.10394	72.153	0.085169	supercritical
370.00	17.419	10.005	0.099954	18.763	20.504	75.781	86.326	127.57	632.35	0.10256	72.210	0.085205	supercritical
370.00	17.455	10.008	0.099924	18.759	20.503	75.770	86.326	127.53	632.95	0.10119	72.267	0.085240	supercritical
370.00	17.492	10.011	0.099893	18.756	20.503	75.759	86.325	127.49	633.54	0.099818	72.324	0.085276	supercritical
370.00	17.529	10.014	0.099863	18.752	20.503	75.748	86.325	127.46	634.14	0.098457	72.382	0.085311	supercritical
370.00	17.565	10.017	0.099832	18.749	20.502	75.737	86.325	127.42	634.73	0.097102	72.439	0.085347	supercritical
370.00	17.602	10.020	0.099802	18.745	20.502	75.726	86.325	127.38	635.33	0.095752	72.496	0.085382	supercritical
370.00	17.639	10.023	0.099772	18.741	20.501	75.715	86.325	127.34	635.92	0.094409	72.552	0.085417	supercritical
370.00	17.675	10.026	0.099742	18.738	20.501	75.704	86.324	127.31	636.51	0.093072	72.609	0.085453	supercritical
370.00	17.712	10.029	0.099712	18.734	20.500	75.693	86.324	127.27	637.10	0.091740	72.666	0.085488	supercritical
370.00	17.749	10.032	0.099682	18.731	20.500	75.682	86.324	127.23	637.69	0.090414	72.723	0.085523	supercritical
370.00	17.785	10.035	0.099652	18.727	20.500	75.671	86.324	127.20	638.28	0.089094	72.779	0.085558	supercritical
370.00	17.822	10.038	0.099622	18.724	20.499	75.660	86.324	127.16	638.87	0.087779	72.836	0.085593	supercritical
370.00	17.859	10.041	0.099592	18.720	20.499	75.649	86.324	127.12	639.45	0.086471	72.893	0.085628	supercritical
370.00	17.895	10.044	0.099562	18.717	20.498	75.638	86.323	127.09	640.04	0.085168	72.949	0.085663	supercritical
370.00	17.932	10.047	0.099533	18.713	20.498	75.627	86.323	127.05	640.62	0.083870	73.005	0.085698	supercritical
370.00	17.968	10.050	0.099503	18.710	20.498	75.616	86.323	127.02	641.21	0.082578	73.062	0.085733	supercritical
370.00	18.005	10.053	0.099474	18.706	20.497	75.605	86.323	126.98	641.79	0.081292	73.118	0.085768	supercritical
370.00	18.042	10.056	0.099445	18.703	20.497	75.594	86.323	126.94	642.37	0.080011	73.174	0.085803	supercritical
370.00	18.078	10.059	0.099415	18.699	20.496	75.583	86.323	126.91	642.95	0.078735	73.230	0.085837	supercritical
370.00	18.115	10.062	0.099386	18.696	20.496	75.572	86.323	126.87	643.53	0.077465	73.286	0.085872	supercritical
370.00	18.152	10.065	0.099357	18.692	20.496	75.562	86.323	126.84	644.11	0.076200	73.342	0.085907	supercritical
370.00	18.188	10.068	0.099328	18.689	20.495	75.551	86.323	126.80	644.69	0.074941	73.398	0.085942	supercritical
370.00	18.225	10.071	0.099299	18.685	20.495	75.540	86.323	126.77	645.26	0.073687	73.454	0.085976	supercritical
370.00	18.262	10.074	0.099270	18.682	20.495	75.529	86.323	126.73	645.84	0.072438	73.510	0.086011	supercritical
370.00	18.298	10.076	0.099242	18.678	20.494	75.519	86.323	126.70	646.42	0.071195	73.566	0.086045	supercritical
370.00	18.335	10.079	0.099213	18.675	20.494	75.508	86.323	126.67	646.99	0.069956	73.621	0.086080	supercritical
370.00	18.372	10.082	0.099184	18.671	20.494	75.497	86.323	126.63	647.56	0.068723	73.677	0.086114	supercritical
370.00	18.408	10.085	0.099156	18.668	20.493	75.486	86.323	126.60	648.14	0.067495	73.732	0.086149	supercritical
370.00	18.445	10.088	0.099127	18.665	20.493	75.476	86.323	126.56	648.71	0.066272	73.788	0.086183	supercritical
370.00	18.482	10.091	0.099099	18.661	20.493	75.465	86.323	126.53	649.28	0.065054	73.843	0.086218	supercritical
370.00	18.518	10.094	0.099070	18.658	20.492	75.455	86.323	126.50	649.85	0.063841	73.899	0.086252	supercritical
370.00	18.555	10.097	0.099042	18.654	20.492	75.444	86.323	126.46	650.42	0.062633	73.954	0.086286	supercritical
370.00	18.592	10.100	0.099014	18.651	20.492	75.433	86.323	126.43	650.99	0.061430	74.009	0.086320	supercritical
370.00	18.628	10.102	0.098986	18.648	20.492	75.423	86.323	126.40	651.55	0.060232	74.065	0.086355	supercritical
370.00	18.665	10.105	0.098958	18.644	20.491	75.412	86.323	126.36	652.12	0.059039	74.120	0.086389	supercritical
370.00	18.701	10.108	0.098930	18.641	20.491	75.402	86.323	126.33	652.69	0.057851	74.175	0.086423	supercritical
370.00	18.738	10.111	0.098902	18.637	20.491	75.391	86.323	126.30	653.25	0.056668	74.230	0.086457	supercritical
370.00	18.775	10.114	0.098874	18.634	20.490	75.381	86.323	126.26	653.81	0.055489	74.285	0.086491	supercritical
370.00	18.811	10.117	0.098846	18.631	20.490	75.370	86.323	126.23	654.38	0.054315	74.340	0.086525	supercritical
370.00	18.848	10.120	0.098819	18.627	20.490	75.360	86.323	126.20	654.94	0.053146	74.395	0.086559	supercritical
370.00	18.885	10.122	0.098791	18.624	20.490	75.349	86.323	126.17	655.50	0.051982	74.449	0.086593	supercritical
370.00	18.921	10.125	0.098763	18.621	20.489	75.339	86.323	126.13	656.06	0.050823	74.504	0.086627	supercritical
370.00	18.958	10.128	0.098736	18.617	20.489	75.328	86.323	126.10	656.62	0.049668	74.559	0.086661	supercritical
370.00	18.995	10.131	0.098708	18.614	20.489	75.318	86.324	126.07	657.18	0.048517	74.613	0.086695	supercritical
370.00	19.031	10.134	0.098681	18.611	20.489	75.308	86.324	126.04	657.74	0.047372	74.668	0.086729	supercritical
370.00	19.068	10.136	0.098654	18.607	20.489	75.297	86.324	126.01	658.29	0.046230	74.723	0.086763	supercritical
370.00	19.105	10.139	0.098627	18.604	20.488	75.287	86.324	125.98	658.85	0.045094	74.777	0.086796	supercritical
370.00	19.141	10.142	0.098599	18.601	20.488	75.277	86.324	125.94	659.41	0.043962	74.831	0.086830	supercritical
370.00	19.178	10.145	0.098572	18.598	20.488	75.266	86.324	125.91	659.96	0.042834	74.886	0.086864	supercritical
370.00	19.215	10.148	0.098545	18.594	20.488	75.256	86.324	125.88	660.51	0.041711	74.940	0.086897	supercritical
370.00	19.251	10.150	0.098518	18.591	20.488	75.246	86.325	125.85	661.07	0.040592	74.994	0.086931	supercritical
370.00	19.288	10.153	0.098492	18.588	20.487	75.236	86.325	125.82	661.62	0.039478	75.048	0.086965	supercritical
370.00	19.325	10.156	0.098465	18.584	20.487	75.225	86.325	125.79	662.17	0.038368	75.103	0.086998	supercritical
370.00	19.361	10.159	0.098438	18.581	20.487	75.215	86.325	125.76	662.72	0.037263	75.157	0.087032	supercritical
370.00	19.398	10.161	0.098411	18.578	20.487	75.205	86.325	125.73	663.27	0.036161	75.211	0.087065	supercritical
370.00	19.435	10.164	0.098385	18.575	20.487	75.195	86.326	125.70	663.82	0.035064	75.265	0.087098	supercritical
370.00	19.471	10.167	0.098358	18.571	20.487	75.184	86.326	125.67	664.37	0.033972	75.319	0.087132	supercritical
370.00	19.508	10.170	0.098332	18.568	20.486	75.174	86.326	125.64	664.91	0.032883	75.372	0.087165	supercritical
370.00	19.544	10.172	0.098305	18.565	20.486	75.164	86.326	125.61	665.46	0.031799	75.426	0.087199	supercritical
370.00	19.581	10.175	0.098279	18.562	20.486	75.154	86.327	125.58	666.01	0.030719	75.480	0.087232	supercritical
370.00	19.618	10.178	0.098253	18.558	20.486	75.144	86.327	125.55	666.55	0.029643	75.534	0.087265	supercritical
370.00	19.654	10.181	0.098226	18.555	20.486	75.134	86.327	125.52	667.09	0.028572	75.587	0.087298	supercritical
370.00	19.691	10.183	0.098200	18.552	20.486	75.124	86.327	125.49	667.64	0.027504	75.641	0.087332	supercritical
370.00	19.728	10.186	0.098174	18.549	20.486	75.114	86.328	125.46	668.18	0.026441	75.694	0.087365	supercritical
370.00	19.764	10.189	0.098148	18.546	20.485	75.104	86.328	125.43	668.72	0.025381	75.748	0.087398	supercritical
370.00	19.801	10.191	0.098122	18.542	20.485	75.094	86.328	125.40	669.26	0.024326	75.801	0.087431	supercritical
370.00	19.838	10.194	0.098096	18.539	20.485	75.084	86.328	125.37	669.80	0.023274	75.855	0.087464	supercritical
370.00	19.874	10.197	0.098070	18.536	20.485	75.074	86.329	125.34	670.34	0.022227	75.908	0.087497	supercritical
370.00	19.911	10.199	0.098044	18.533	20.485	75.064	86.329	125.31	670.88	0.021184	75.961	0.087530	supercritical
370.00	19.948	10.202	0.098019	18.530	20.485	75.054	86.329	125.28	671.42	0.020144	76.015	0.087563	supercritical
370.00	19.984	10.205	0.097993	18.527	20.485	75.044	86.330	125.25	671.96	0.019109	76.068	0.087596	supercritical
370.00	20.021	10.207	0.097967	18.523	20.485	75.034	86.330	125.22	672.49	0.018077	76.121	0.087629	supercritical
370.00	20.058	10.210	0.097942	18.520	20.485	75.024	86.330	125.20	673.03	0.017050	76.174	0.087662	supercritical
370.00	20.094	10.213	0.097916	18.517	20.485	75.014	86.331	125.17	673.56	0.016026	76.227	0.087695	supercritical
370.00	20.131	10.215	0.097891	18.514	20.485	75.004	86.331	125.14	674.10	0.015006	76.280	0.087728	supercritical
370.00	20.168	10.218	0.097866	18.511	20.484	74.994	86.331	125.11	674.63	0.013989	76.333	0.087760	supercritical
370.00	20.204	10.221	0.097840	18.508	20.484	74.984	86.332	125.08	675.16	0.012977	76.386	0.087793	supercritical
370.00	20.241	10.223	0.097815	18.505	20.484	74.975	86.332	125.05	675.69	0.011968	76.439	0.087826	supercritical
370.00	20.277	10.226	0.097790	18.501	20.484	74.965	86.332	125.03	676.23	0.010964	76.491	0.087859	supercritical
370.00	20.314	10.229	0.097765	18.498	20.484	74.955	86.333	125.00	676.76	0.0099624	76.544	0.087891	supercritical
370.00	20.351	10.231	0.097740	18.495	20.484	74.945	86.333	124.97	677.29	0.0089650	76.597	0.087924	supercritical
370.00	20.387	10.234	0.097715	18.492	20.484	74.935	86.333	124.94	677.81	0.0079712	76.649	0.087957	supercritical
370.00	20.424	10.237	0.097690	18.489	20.484	74.926	86.334	124.92	678.34	0.0069811	76.702	0.087989	supercritical
370.00	20.461	10.239	0.097665	18.486	20.484	74.916	86.334	124.89	678.87	0.0059947	76.754	0.088022	supercritical
370.00	20.497	10.242	0.097640	18.483	20.484	74.906	86.335	124.86	679.40	0.0050118	76.807	0.088054	supercritical
370.00	20.534	10.244	0.097615	18.480	20.484	74.896	86.335	124.83	679.92	0.0040326	76.859	0.088087	supercritical
370.00	20.571	10.247	0.097590	18.477	20.484	74.887	86.335	124.81	680.45	0.0030569	76.912	0.088119	supercritical
370.00	20.607	10.250	0.097566	18.473	20.484	74.877	86.336	124.78	680.97	0.0020848	76.964	0.088152	supercritical
370.00	20.644	10.252	0.097541	18.470	20.484	74.867	86.336	124.75	681.50	0.0011163	77.016	0.088184	supercritical
370.00	20.681	10.255	0.097516	18.467	20.484	74.858	86.337	124.72	682.02	0.00015120	77.069	0.088216	supercritical
370.00	20.717	10.257	0.097492	18.464	20.484	74.848	86.337	124.70	682.54	-0.00081034	77.121	0.088249	supercritical
370.00	20.754	10.260	0.097467	18.461	20.484	74.838	86.338	124.67	683.06	-0.0017684	77.173	0.088281	supercritical
370.00	20.791	10.262	0.097443	18.458	20.484	74.829	86.338	124.64	683.59	-0.0027230	77.225	0.088313	supercritical
370.00	20.827	10.265	0.097419	18.455	20.484	74.819	86.338	124.62	684.11	-0.0036742	77.277	0.088345	supercritical
370.00	20.864	10.268	0.097394	18.452	20.484	74.809	86.339	124.59	684.63	-0.0046219	77.329	0.088378	supercritical
370.00	20.901	10.270	0.097370	18.449	20.484	74.800	86.339	124.57	685.14	-0.0055663	77.381	0.088410	supercritical
370.00	20.937	10.273	0.097346	18.446	20.484	74.790	86.340	124.54	685.66	-0.0065073	77.433	0.088442	supercritical
370.00	20.974	10.275	0.097322	18.443	20.484	74.781	86.340	124.51	686.18	-0.0074449	77.485	0.088474	supercritical
370.00	21.010	10.278	0.097298	18.440	20.484	74.771	86.341	124.49	686.70	-0.0083791	77.537	0.088506	supercritical
370.00	21.047	10.280	0.097274	18.437	20.484	74.762	86.341	124.46	687.21	-0.0093100	77.589	0.088538	supercritical
370.00	21.084	10.283	0.097250	18.434	20.484	74.752	86.342	124.44	687.73	-0.010238	77.640	0.088570	supercritical
370.00	21.120	10.285	0.097226	18.431	20.484	74.743	86.342	124.41	688.24	-0.011162	77.692	0.088602	supercritical
370.00	21.157	10.288	0.097202	18.428	20.484	74.733	86.343	124.38	688.76	-0.012083	77.744	0.088634	supercritical
370.00	21.194	10.290	0.097178	18.425	20.484	74.724	86.343	124.36	689.27	-0.013001	77.795	0.088666	supercritical
370.00	21.230	10.293	0.097154	18.422	20.485	74.714	86.344	124.33	689.78	-0.013915	77.847	0.088698	supercritical
370.00	21.267	10.295	0.097131	18.419	20.485	74.705	86.344	124.31	690.30	-0.014827	77.898	0.088730	supercritical
370.00	21.304	10.298	0.097107	18.416	20.485	74.695	86.345	124.28	690.81	-0.015735	77.950	0.088762	supercritical
370.00	21.340	10.300	0.097083	18.413	20.485	74.686	86.345	124.26	691.32	-0.016640	78.001	0.088794	supercritical
370.00	21.377	10.303	0.097060	18.410	20.485	74.676	86.346	124.23	691.83	-0.017542	78.053	0.088826	supercritical
370.00	21.414	10.305	0.097036	18.407	20.485	74.667	86.346	124.21	692.34	-0.018440	78.104	0.088857	supercritical
370.00	21.450	10.308	0.097013	18.404	20.485	74.658	86.347	124.18	692.85	-0.019336	78.155	0.088889	supercritical
370.00	21.487	10.310	0.096989	18.401	20.485	74.648	86.347	124.16	693.36	-0.020228	78.206	0.088921	supercritical
370.00	21.524	10.313	0.096966	18.398	20.485	74.639	86.348	124.13	693.86	-0.021118	78.258	0.088953	supercritical
370.00	21.560	10.315	0.096943	18.395	20.485	74.630	86.348	124.11	694.37	-0.022004	78.309	0.088984	supercritical
370.00	21.597	10.318	0.096919	18.392	20.485	74.620	86.349	124.08	694.88	-0.022887	78.360	0.089016	supercritical
370.00	21.634	10.320	0.096896	18.389	20.485	74.611	86.350	124.06	695.38	-0.023767	78.411	0.089048	supercritical
370.00	21.670	10.323	0.096873	18.386	20.486	74.602	86.350	124.03	695.89	-0.024644	78.462	0.089079	supercritical
370.00	21.707	10.325	0.096850	18.383	20.486	74.592	86.351	124.01	696.39	-0.025518	78.513	0.089111	supercritical
370.00	21.743	10.328	0.096827	18.380	20.486	74.583	86.351	123.98	696.90	-0.026389	78.564	0.089142	supercritical
370.00	21.780	10.330	0.096804	18.378	20.486	74.574	86.352	123.96	697.40	-0.027257	78.615	0.089174	supercritical
370.00	21.817	10.333	0.096781	18.375	20.486	74.565	86.352	123.94	697.90	-0.028123	78.666	0.089205	supercritical
370.00	21.853	10.335	0.096758	18.372	20.486	74.555	86.353	123.91	698.40	-0.028985	78.717	0.089237	supercritical
370.00	21.890	10.338	0.096735	18.369	20.486	74.546	86.354	123.89	698.90	-0.029844	78.767	0.089268	supercritical
370.00	21.927	10.340	0.096712	18.366	20.486	74.537	86.354	123.86	699.40	-0.030700	78.818	0.089300	supercritical
370.00	21.963	10.342	0.096689	18.363	20.487	74.528	86.355	123.84	699.90	-0.031554	78.869	0.089331	supercritical
370.00	22.000	10.345	0.096667	18.360	20.487	74.519	86.355	123.82	700.40	-0.032404	78.920	0.089362	supercritical
