Temperature (K)	Pressure (MPa)	Density (mol/l)	Volume (l/mol)	Internal Energy (kJ/mol)	Enthalpy (kJ/mol)	Entropy (J/mol*K)	Cv (J/mol*K)	Cp (J/mol*K)	Sound Spd. (m/s)	Joule-Thomson (K/MPa)	Viscosity (uPa*s)	Therm. Cond. (W/m*K)	Phase
152.00	0.010000	0.0079237	126.20	8.3712	9.6333	103.49	25.010	33.367	323.74	15.124	5.9889	0.016127	vapor
152.00	0.020000	0.015870	63.014	8.3680	9.6282	97.709	25.027	33.429	323.47	15.145	5.9916	0.016143	vapor
152.00	0.030000	0.023838	41.950	8.3647	9.6232	94.316	25.045	33.491	323.20	15.166	5.9943	0.016157	vapor
152.00	0.040000	0.031829	31.418	8.3613	9.6181	91.902	25.064	33.554	322.93	15.187	5.9969	0.016172	vapor
152.00	0.050000	0.039842	25.099	8.3580	9.6130	90.025	25.082	33.617	322.65	15.207	5.9994	0.016186	vapor
152.00	0.060000	0.047879	20.886	8.3547	9.6078	88.487	25.101	33.682	322.38	15.228	6.0020	0.016201	vapor
152.00	0.070000	0.055939	17.877	8.3513	9.6027	87.183	25.119	33.746	322.10	15.248	6.0045	0.016215	vapor
152.00	0.080000	0.064022	15.620	8.3480	9.5976	86.051	25.138	33.812	321.83	15.268	6.0071	0.016230	vapor
152.00	0.090000	0.072129	13.864	8.3446	9.5924	85.049	25.158	33.878	321.55	15.288	6.0096	0.016245	vapor
152.00	0.10000	0.080259	12.460	8.3412	9.5872	84.151	25.177	33.945	321.27	15.308	6.0122	0.016259	vapor
152.00	0.11000	0.088413	11.311	8.3378	9.5820	83.336	25.196	34.012	320.99	15.328	6.0147	0.016274	vapor
152.00	0.12000	0.096592	10.353	8.3344	9.5768	82.590	25.216	34.081	320.71	15.348	6.0173	0.016289	vapor
152.00	0.13000	0.10479	9.5425	8.3310	9.5715	81.902	25.236	34.149	320.43	15.367	6.0199	0.016304	vapor
152.00	0.14000	0.11302	8.8478	8.3276	9.5663	81.263	25.256	34.219	320.15	15.386	6.0225	0.016320	vapor
152.00	0.15000	0.12127	8.2458	8.3241	9.5610	80.666	25.276	34.289	319.87	15.406	6.0251	0.016335	vapor
152.00	0.16000	0.12955	7.7189	8.3207	9.5557	80.106	25.297	34.360	319.58	15.425	6.0277	0.016350	vapor
152.00	0.17000	0.13785	7.2540	8.3172	9.5504	79.579	25.317	34.432	319.30	15.444	6.0303	0.016366	vapor
152.00	0.18000	0.14618	6.8408	8.3137	9.5451	79.081	25.338	34.504	319.01	15.463	6.0329	0.016382	vapor
152.00	0.19000	0.15454	6.4710	8.3102	9.5397	78.608	25.359	34.577	318.73	15.482	6.0356	0.016398	vapor
152.00	0.20000	0.16292	6.1382	8.3067	9.5344	78.158	25.380	34.651	318.44	15.500	6.0382	0.016414	vapor
152.00	0.21000	0.17132	5.8370	8.3032	9.5290	77.729	25.401	34.725	318.15	15.519	6.0409	0.016430	vapor
152.00	0.22000	0.17975	5.5632	8.2997	9.5236	77.319	25.422	34.800	317.86	15.538	6.0436	0.016447	vapor
152.00	0.23000	0.18821	5.3132	8.2961	9.5182	76.925	25.443	34.876	317.57	15.556	6.0463	0.016463	vapor
152.00	0.24000	0.19670	5.0840	8.2926	9.5127	76.548	25.465	34.953	317.28	15.575	6.0490	0.016480	vapor
152.00	0.25000	0.20521	4.8731	8.2890	9.5073	76.184	25.487	35.030	316.99	15.593	6.0517	0.016497	vapor
152.00	0.26000	0.21375	4.6784	8.2854	9.5018	75.834	25.509	35.108	316.70	15.611	6.0544	0.016514	vapor
152.00	0.27000	0.22232	4.4981	8.2818	9.4963	75.496	25.531	35.187	316.41	15.630	6.0572	0.016532	vapor
152.00	0.28000	0.23091	4.3307	8.2782	9.4908	75.170	25.553	35.266	316.11	15.648	6.0599	0.016549	vapor
152.00	0.29000	0.23953	4.1748	8.2746	9.4853	74.854	25.575	35.347	315.82	15.666	6.0627	0.016567	vapor
152.00	0.30000	0.24819	4.0292	8.2710	9.4797	74.547	25.598	35.428	315.52	15.684	6.0655	0.016585	vapor
152.00	0.31000	0.25687	3.8931	8.2673	9.4742	74.250	25.620	35.510	315.22	15.702	6.0683	0.016603	vapor
152.00	0.32000	0.26558	3.7654	8.2637	9.4686	73.962	25.643	35.592	314.92	15.720	6.0711	0.016621	vapor
152.00	0.33000	0.27431	3.6455	8.2600	9.4630	73.681	25.666	35.676	314.62	15.738	6.0739	0.016640	vapor
152.00	0.34000	0.28308	3.5326	8.2563	9.4574	73.408	25.689	35.760	314.32	15.756	6.0768	0.016658	vapor
152.00	0.35000	0.29188	3.4261	8.2526	9.4517	73.142	25.712	35.845	314.02	15.774	6.0796	0.016677	vapor
152.00	0.36000	0.30071	3.3255	8.2489	9.4460	72.883	25.736	35.931	313.72	15.792	6.0825	0.016696	vapor
152.00	0.37000	0.30956	3.2304	8.2451	9.4404	72.630	25.759	36.018	313.42	15.810	6.0854	0.016716	vapor
152.00	0.38000	0.31845	3.1402	8.2414	9.4347	72.382	25.783	36.106	313.11	15.828	6.0883	0.016735	vapor
152.00	0.39000	0.32737	3.0546	8.2376	9.4289	72.141	25.807	36.195	312.81	15.846	6.0912	0.016755	vapor
152.00	0.40000	0.33632	2.9733	8.2338	9.4232	71.905	25.831	36.284	312.50	15.864	6.0941	0.016775	vapor
152.00	0.41000	0.34530	2.8960	8.2301	9.4174	71.674	25.855	36.374	312.19	15.882	6.0971	0.016795	vapor
152.00	0.42000	0.35432	2.8223	8.2263	9.4116	71.448	25.879	36.466	311.88	15.900	6.1001	0.016815	vapor
152.00	0.43000	0.36336	2.7521	8.2224	9.4058	71.226	25.903	36.558	311.57	15.918	6.1030	0.016836	vapor
152.00	0.44000	0.37244	2.6850	8.2186	9.4000	71.009	25.928	36.651	311.26	15.936	6.1060	0.016856	vapor
152.00	0.45000	0.38155	2.6209	8.2148	9.3941	70.796	25.953	36.745	310.95	15.954	6.1090	0.016877	vapor
152.00	0.46000	0.39070	2.5595	8.2109	9.3883	70.587	25.978	36.841	310.64	15.972	6.1121	0.016899	vapor
152.00	0.47000	0.39987	2.5008	8.2070	9.3824	70.382	26.003	36.937	310.32	15.990	6.1151	0.016920	vapor
152.00	0.48000	0.40909	2.4445	8.2031	9.3765	70.180	26.028	37.034	310.01	16.008	6.1182	0.016942	vapor
152.00	0.49000	0.41833	2.3905	8.1992	9.3705	69.982	26.053	37.132	309.69	16.026	6.1213	0.016964	vapor
152.00	0.50000	0.42761	2.3386	8.1953	9.3646	69.787	26.079	37.232	309.37	16.045	6.1244	0.016986	vapor
152.00	0.51000	0.43693	2.2887	8.1913	9.3586	69.596	26.105	37.332	309.05	16.063	6.1275	0.017008	vapor
152.00	0.52000	0.44628	2.2408	8.1874	9.3526	69.407	26.131	37.434	308.73	16.081	6.1306	0.017031	vapor
152.00	0.53000	0.45566	2.1946	8.1834	9.3465	69.222	26.157	37.536	308.41	16.100	6.1337	0.017054	vapor
152.00	0.54000	0.46509	2.1501	8.1794	9.3405	69.039	26.184	37.640	308.09	16.118	6.1369	0.017077	vapor
152.00	0.55000	0.47454	2.1073	8.1754	9.3344	68.859	26.210	37.745	307.77	16.137	6.1401	0.017101	vapor
152.00	0.56000	0.48404	2.0659	8.1714	9.3283	68.681	26.237	37.851	307.44	16.156	6.1433	0.017124	vapor
152.00	0.57000	0.49357	2.0260	8.1673	9.3222	68.507	26.264	37.959	307.11	16.174	6.1465	0.017148	vapor
152.00	0.58000	0.50314	1.9875	8.1633	9.3160	68.334	26.291	38.068	306.79	16.193	6.1497	0.017173	vapor
152.00	0.59000	0.51275	1.9503	8.1592	9.3098	68.164	26.319	38.178	306.46	16.212	6.1530	0.017197	vapor
152.00	0.60000	0.52240	1.9142	8.1551	9.3036	67.996	26.346	38.289	306.13	16.231	6.1563	0.017222	vapor
152.00	0.61000	0.53208	1.8794	8.1510	9.2974	67.830	26.374	38.402	305.79	16.250	6.1596	0.017247	vapor
152.00	0.62000	0.54181	1.8457	8.1468	9.2912	67.667	26.403	38.516	305.46	16.270	6.1629	0.017272	vapor
152.00	0.63000	0.55158	1.8130	8.1427	9.2849	67.505	26.431	38.631	305.13	16.289	6.1662	0.017298	vapor
152.00	0.64000	0.56138	1.7813	8.1385	9.2786	67.345	26.460	38.748	304.79	16.309	6.1696	0.017324	vapor
152.00	0.65000	0.57123	1.7506	8.1343	9.2722	67.187	26.489	38.867	304.45	16.328	6.1729	0.017350	vapor
152.00	0.66000	0.58112	1.7208	8.1301	9.2659	67.031	26.518	38.987	304.11	16.348	6.1763	0.017376	vapor
152.00	0.67000	0.59105	1.6919	8.1259	9.2595	66.877	26.548	39.109	303.77	16.368	6.1797	0.017403	vapor
152.00	0.68000	0.60102	1.6638	8.1217	9.2531	66.724	26.578	39.232	303.43	16.388	6.1832	0.017430	vapor
152.00	0.69000	0.61103	1.6366	8.1174	9.2466	66.573	26.608	39.357	303.09	16.408	6.1866	0.017458	vapor
152.00	0.70000	0.62109	1.6101	8.1131	9.2402	66.424	26.639	39.484	302.74	16.429	6.1901	0.017485	vapor
152.00	0.71000	0.63119	1.5843	8.1088	9.2337	66.276	26.670	39.612	302.40	16.449	6.1936	0.017514	vapor
152.00	0.72000	0.64134	1.5592	8.1045	9.2271	66.130	26.701	39.743	302.05	16.470	6.1971	0.017542	vapor
152.00	0.73000	0.65153	1.5348	8.1001	9.2206	65.985	26.733	39.875	301.70	16.491	6.2006	0.017571	vapor
152.00	0.74000	0.66177	1.5111	8.0958	9.2140	65.841	26.765	40.009	301.35	16.512	6.2042	0.017600	vapor
152.00	0.75000	0.67205	1.4880	8.0914	9.2074	65.699	26.798	40.145	300.99	16.533	6.2078	0.017629	vapor
152.00	0.76000	0.68238	1.4655	8.0870	9.2007	65.558	26.831	40.283	300.64	16.554	6.2114	0.017659	vapor
152.00	0.77000	0.69276	1.4435	8.0825	9.1940	65.419	26.864	40.424	300.28	16.576	6.2150	0.017689	vapor
152.00	0.78000	0.70319	1.4221	8.0781	9.1873	65.280	26.898	40.566	299.93	16.598	6.2186	0.017719	vapor
152.00	0.79000	0.71366	1.4012	8.0736	9.1806	65.143	26.933	40.711	299.57	16.619	6.2223	0.017750	vapor
152.00	0.80000	0.72419	1.3809	8.0691	9.1738	65.007	26.968	40.858	299.20	16.642	6.2260	0.017781	vapor
152.00	0.81000	0.73476	1.3610	8.0646	9.1670	64.872	27.003	41.007	298.84	16.664	6.2297	0.017812	vapor
152.00	0.82000	0.74539	1.3416	8.0600	9.1601	64.738	27.039	41.159	298.47	16.686	6.2334	0.017844	vapor
152.00	0.83000	0.75606	1.3226	8.0554	9.1532	64.605	27.076	41.314	298.11	16.709	6.2372	0.017876	vapor
152.00	0.84000	0.76679	1.3041	8.0508	9.1463	64.473	27.113	41.471	297.74	16.732	6.2410	0.017909	vapor
152.00	0.85000	0.77757	1.2861	8.0462	9.1393	64.342	27.150	41.630	297.37	16.755	6.2448	0.017942	vapor
152.00	0.86000	0.78841	1.2684	8.0415	9.1323	64.212	27.189	41.793	296.99	16.779	6.2487	0.017975	vapor
152.00	0.87000	0.79930	1.2511	8.0369	9.1253	64.083	27.228	41.958	296.62	16.802	6.2525	0.018009	vapor
152.00	0.88000	0.81025	1.2342	8.0322	9.1182	63.954	27.268	42.127	296.24	16.826	6.2564	0.018043	vapor
152.00	0.89000	0.82125	1.2177	8.0274	9.1111	63.827	27.308	42.298	295.86	16.850	6.2603	0.018078	vapor
152.00	0.90000	0.83231	1.2015	8.0227	9.1040	63.700	27.349	42.473	295.48	16.874	6.2643	0.018113	vapor
152.00	0.91000	0.84342	1.1856	8.0179	9.0968	63.575	27.391	42.651	295.09	16.899	6.2683	0.018148	vapor
152.00	0.92000	0.85460	1.1701	8.0130	9.0896	63.450	27.434	42.833	294.71	16.924	6.2723	0.018184	vapor
152.00	0.93000	0.86583	1.1550	8.0082	9.0823	63.325	27.478	43.018	294.32	16.949	6.2763	0.018221	vapor
152.00	0.94000	0.87713	1.1401	8.0033	9.0750	63.202	27.522	43.207	293.93	16.974	6.2804	0.018257	vapor
152.00	0.95000	0.88849	1.1255	7.9984	9.0676	63.079	27.568	43.399	293.53	17.000	6.2845	0.018295	vapor
152.00	0.96000	0.89991	1.1112	7.9935	9.0602	62.957	27.614	43.596	293.14	17.025	6.2886	0.018332	vapor
152.00	0.97000	0.91139	1.0972	7.9885	9.0528	62.835	27.662	43.797	292.74	17.051	6.2927	0.018371	vapor
152.00	0.98000	0.92294	1.0835	7.9835	9.0453	62.714	27.710	44.002	292.34	17.078	6.2969	0.018409	vapor
152.00	0.99000	0.93456	1.0700	7.9784	9.0378	62.593	27.760	44.211	291.93	17.104	6.3011	0.018449	vapor
152.00	1.0000	0.94624	1.0568	7.9734	9.0302	62.474	27.810	44.425	291.52	17.131	6.3054	0.018488	vapor
152.00	1.0100	0.95799	1.0439	7.9683	9.0225	62.354	27.862	44.644	291.11	17.158	6.3096	0.018529	vapor
152.00	1.0200	0.96981	1.0311	7.9631	9.0149	62.235	27.915	44.868	290.70	17.186	6.3139	0.018569	vapor
152.00	1.0300	0.98170	1.0186	7.9579	9.0071	62.117	27.970	45.096	290.29	17.213	6.3183	0.018611	vapor
152.00	1.0400	0.99366	1.0064	7.9527	8.9993	61.999	28.025	45.331	289.87	17.241	6.3227	0.018652	vapor
152.00	1.0500	1.0057	0.99433	7.9474	8.9915	61.882	28.083	45.571	289.45	17.269	6.3271	0.018695	vapor
152.00	1.0600	1.0178	0.98250	7.9421	8.9836	61.765	28.141	45.816	289.02	17.298	6.3315	0.018738	vapor
152.00	1.0700	1.0300	0.97087	7.9368	8.9756	61.648	28.201	46.068	288.59	17.327	6.3360	0.018781	vapor
152.00	1.0800	1.0423	0.95945	7.9314	8.9676	61.532	28.263	46.326	288.16	17.356	6.3405	0.018826	vapor
152.00	1.0900	1.0546	0.94822	7.9260	8.9596	61.416	28.326	46.591	287.73	17.385	6.3451	0.018870	vapor
152.00	1.1000	1.0670	0.93718	7.9205	8.9514	61.301	28.391	46.862	287.29	17.415	6.3497	0.018916	vapor
152.00	1.1100	1.0795	0.92632	7.9150	8.9432	61.186	28.458	47.141	286.85	17.445	6.3543	0.018962	vapor
152.00	1.1200	1.0921	0.91564	7.9095	8.9350	61.071	28.527	47.427	286.40	17.475	6.3590	0.019009	vapor
152.00	1.1300	1.1048	0.90513	7.9039	8.9267	60.956	28.597	47.721	285.95	17.505	6.3637	0.019056	vapor
152.00	1.1372	1.1140	0.89770	7.8998	8.9206	60.874	28.649	47.936	285.63	17.528	6.3671	0.019090	vapor
152.00	1.1372	22.055	0.045341	2.3681	2.4196	18.104	30.714	65.922	896.54	-0.038660	53.489	0.12659	liquid
152.00	1.1400	22.056	0.045340	2.3679	2.4196	18.103	30.714	65.918	896.61	-0.038764	53.493	0.12660	liquid
152.00	1.1500	22.057	0.045336	2.3675	2.4196	18.100	30.714	65.904	896.84	-0.039132	53.506	0.12662	liquid
152.00	1.1600	22.059	0.045333	2.3671	2.4197	18.098	30.714	65.891	897.08	-0.039500	53.519	0.12664	liquid
152.00	1.1700	22.061	0.045330	2.3667	2.4197	18.095	30.714	65.877	897.31	-0.039867	53.532	0.12666	liquid
152.00	1.1800	22.062	0.045326	2.3662	2.4197	18.092	30.714	65.864	897.55	-0.040234	53.545	0.12668	liquid
152.00	1.1900	22.064	0.045323	2.3658	2.4198	18.089	30.714	65.850	897.78	-0.040600	53.558	0.12670	liquid
152.00	1.2000	22.066	0.045319	2.3654	2.4198	18.086	30.714	65.837	898.01	-0.040965	53.571	0.12672	liquid
152.00	1.2100	22.067	0.045316	2.3650	2.4198	18.084	30.715	65.823	898.25	-0.041331	53.584	0.12674	liquid
152.00	1.2200	22.069	0.045313	2.3646	2.4198	18.081	30.715	65.810	898.48	-0.041695	53.597	0.12676	liquid
152.00	1.2300	22.071	0.045309	2.3641	2.4199	18.078	30.715	65.797	898.72	-0.042059	53.609	0.12678	liquid
152.00	1.2400	22.072	0.045306	2.3637	2.4199	18.075	30.715	65.783	898.95	-0.042423	53.622	0.12680	liquid
152.00	1.2500	22.074	0.045302	2.3633	2.4199	18.072	30.715	65.770	899.18	-0.042786	53.635	0.12682	liquid
152.00	1.2600	22.076	0.045299	2.3629	2.4199	18.070	30.715	65.757	899.42	-0.043148	53.648	0.12684	liquid
152.00	1.2700	22.077	0.045296	2.3625	2.4200	18.067	30.715	65.744	899.65	-0.043510	53.661	0.12686	liquid
152.00	1.2800	22.079	0.045292	2.3620	2.4200	18.064	30.715	65.730	899.88	-0.043872	53.674	0.12688	liquid
152.00	1.2900	22.080	0.045289	2.3616	2.4200	18.061	30.715	65.717	900.11	-0.044233	53.687	0.12690	liquid
152.00	1.3000	22.082	0.045286	2.3612	2.4201	18.058	30.715	65.704	900.35	-0.044593	53.700	0.12692	liquid
152.00	1.3100	22.084	0.045282	2.3608	2.4201	18.056	30.716	65.691	900.58	-0.044953	53.713	0.12694	liquid
152.00	1.3200	22.085	0.045279	2.3604	2.4201	18.053	30.716	65.678	900.81	-0.045312	53.726	0.12696	liquid
152.00	1.3300	22.087	0.045275	2.3599	2.4202	18.050	30.716	65.664	901.04	-0.045671	53.738	0.12698	liquid
152.00	1.3400	22.089	0.045272	2.3595	2.4202	18.047	30.716	65.651	901.27	-0.046029	53.751	0.12700	liquid
152.00	1.3500	22.090	0.045269	2.3591	2.4202	18.044	30.716	65.638	901.51	-0.046387	53.764	0.12702	liquid
152.00	1.3600	22.092	0.045265	2.3587	2.4202	18.042	30.716	65.625	901.74	-0.046745	53.777	0.12704	liquid
152.00	1.3700	22.094	0.045262	2.3583	2.4203	18.039	30.716	65.612	901.97	-0.047101	53.790	0.12706	liquid
152.00	1.3800	22.095	0.045259	2.3578	2.4203	18.036	30.716	65.599	902.20	-0.047458	53.803	0.12708	liquid
152.00	1.3900	22.097	0.045255	2.3574	2.4203	18.033	30.716	65.586	902.43	-0.047814	53.816	0.12710	liquid
152.00	1.4000	22.098	0.045252	2.3570	2.4204	18.031	30.717	65.573	902.66	-0.048169	53.828	0.12712	liquid
152.00	1.4100	22.100	0.045249	2.3566	2.4204	18.028	30.717	65.560	902.89	-0.048524	53.841	0.12714	liquid
152.00	1.4200	22.102	0.045245	2.3562	2.4204	18.025	30.717	65.547	903.12	-0.048878	53.854	0.12716	liquid
152.00	1.4300	22.103	0.045242	2.3558	2.4205	18.022	30.717	65.534	903.35	-0.049232	53.867	0.12718	liquid
152.00	1.4400	22.105	0.045239	2.3554	2.4205	18.020	30.717	65.521	903.58	-0.049585	53.880	0.12720	liquid
152.00	1.4500	22.107	0.045235	2.3549	2.4205	18.017	30.717	65.509	903.81	-0.049938	53.893	0.12722	liquid
152.00	1.4600	22.108	0.045232	2.3545	2.4206	18.014	30.717	65.496	904.04	-0.050290	53.905	0.12724	liquid
152.00	1.4700	22.110	0.045229	2.3541	2.4206	18.011	30.717	65.483	904.27	-0.050642	53.918	0.12726	liquid
152.00	1.4800	22.112	0.045225	2.3537	2.4206	18.008	30.717	65.470	904.50	-0.050993	53.931	0.12728	liquid
152.00	1.4900	22.113	0.045222	2.3533	2.4207	18.006	30.718	65.457	904.73	-0.051344	53.944	0.12730	liquid
152.00	1.5000	22.115	0.045219	2.3529	2.4207	18.003	30.718	65.444	904.96	-0.051695	53.956	0.12732	liquid
152.00	1.5100	22.116	0.045215	2.3525	2.4207	18.000	30.718	65.432	905.19	-0.052044	53.969	0.12734	liquid
152.00	1.5200	22.118	0.045212	2.3520	2.4208	17.997	30.718	65.419	905.42	-0.052394	53.982	0.12736	liquid
152.00	1.5300	22.120	0.045209	2.3516	2.4208	17.995	30.718	65.406	905.64	-0.052743	53.995	0.12738	liquid
152.00	1.5400	22.121	0.045205	2.3512	2.4208	17.992	30.718	65.394	905.87	-0.053091	54.008	0.12740	liquid
152.00	1.5500	22.123	0.045202	2.3508	2.4209	17.989	30.718	65.381	906.10	-0.053439	54.020	0.12742	liquid
152.00	1.5600	22.124	0.045199	2.3504	2.4209	17.987	30.718	65.368	906.33	-0.053786	54.033	0.12744	liquid
152.00	1.5700	22.126	0.045196	2.3500	2.4209	17.984	30.719	65.356	906.56	-0.054133	54.046	0.12746	liquid
152.00	1.5800	22.128	0.045192	2.3496	2.4210	17.981	30.719	65.343	906.78	-0.054480	54.059	0.12748	liquid
152.00	1.5900	22.129	0.045189	2.3492	2.4210	17.978	30.719	65.330	907.01	-0.054826	54.071	0.12750	liquid
152.00	1.6000	22.131	0.045186	2.3487	2.4210	17.976	30.719	65.318	907.24	-0.055171	54.084	0.12752	liquid
152.00	1.6100	22.133	0.045182	2.3483	2.4211	17.973	30.719	65.305	907.47	-0.055516	54.097	0.12754	liquid
152.00	1.6200	22.134	0.045179	2.3479	2.4211	17.970	30.719	65.293	907.69	-0.055861	54.109	0.12756	liquid
152.00	1.6300	22.136	0.045176	2.3475	2.4212	17.967	30.719	65.280	907.92	-0.056205	54.122	0.12758	liquid
152.00	1.6400	22.137	0.045172	2.3471	2.4212	17.965	30.719	65.268	908.15	-0.056548	54.135	0.12760	liquid
152.00	1.6500	22.139	0.045169	2.3467	2.4212	17.962	30.720	65.255	908.37	-0.056891	54.148	0.12762	liquid
152.00	1.6600	22.141	0.045166	2.3463	2.4213	17.959	30.720	65.243	908.60	-0.057234	54.160	0.12764	liquid
152.00	1.6700	22.142	0.045163	2.3459	2.4213	17.956	30.720	65.230	908.83	-0.057576	54.173	0.12766	liquid
152.00	1.6800	22.144	0.045159	2.3455	2.4213	17.954	30.720	65.218	909.05	-0.057918	54.186	0.12768	liquid
152.00	1.6900	22.145	0.045156	2.3451	2.4214	17.951	30.720	65.206	909.28	-0.058259	54.198	0.12770	liquid
152.00	1.7000	22.147	0.045153	2.3447	2.4214	17.948	30.720	65.193	909.50	-0.058600	54.211	0.12772	liquid
152.00	1.7100	22.149	0.045150	2.3442	2.4215	17.946	30.720	65.181	909.73	-0.058940	54.224	0.12774	liquid
152.00	1.7200	22.150	0.045146	2.3438	2.4215	17.943	30.720	65.169	909.95	-0.059280	54.236	0.12776	liquid
152.00	1.7300	22.152	0.045143	2.3434	2.4215	17.940	30.721	65.156	910.18	-0.059619	54.249	0.12778	liquid
152.00	1.7400	22.153	0.045140	2.3430	2.4216	17.937	30.721	65.144	910.40	-0.059958	54.262	0.12780	liquid
152.00	1.7500	22.155	0.045137	2.3426	2.4216	17.935	30.721	65.132	910.63	-0.060297	54.274	0.12782	liquid
152.00	1.7600	22.157	0.045133	2.3422	2.4216	17.932	30.721	65.119	910.85	-0.060634	54.287	0.12784	liquid
152.00	1.7700	22.158	0.045130	2.3418	2.4217	17.929	30.721	65.107	911.08	-0.060972	54.300	0.12786	liquid
152.00	1.7800	22.160	0.045127	2.3414	2.4217	17.927	30.721	65.095	911.30	-0.061309	54.312	0.12788	liquid
152.00	1.7900	22.161	0.045124	2.3410	2.4218	17.924	30.721	65.083	911.53	-0.061646	54.325	0.12790	liquid
152.00	1.8000	22.163	0.045120	2.3406	2.4218	17.921	30.722	65.071	911.75	-0.061982	54.337	0.12792	liquid
152.00	1.8100	22.165	0.045117	2.3402	2.4218	17.918	30.722	65.058	911.97	-0.062317	54.350	0.12794	liquid
152.00	1.8200	22.166	0.045114	2.3398	2.4219	17.916	30.722	65.046	912.20	-0.062653	54.363	0.12796	liquid
152.00	1.8300	22.168	0.045111	2.3394	2.4219	17.913	30.722	65.034	912.42	-0.062987	54.375	0.12798	liquid
152.00	1.8400	22.169	0.045108	2.3390	2.4220	17.910	30.722	65.022	912.64	-0.063322	54.388	0.12800	liquid
152.00	1.8500	22.171	0.045104	2.3386	2.4220	17.908	30.722	65.010	912.87	-0.063655	54.400	0.12802	liquid
152.00	1.8600	22.172	0.045101	2.3382	2.4221	17.905	30.722	64.998	913.09	-0.063989	54.413	0.12804	liquid
152.00	1.8700	22.174	0.045098	2.3378	2.4221	17.902	30.723	64.986	913.31	-0.064322	54.426	0.12806	liquid
152.00	1.8800	22.176	0.045095	2.3374	2.4221	17.900	30.723	64.974	913.54	-0.064654	54.438	0.12808	liquid
152.00	1.8900	22.177	0.045091	2.3370	2.4222	17.897	30.723	64.962	913.76	-0.064986	54.451	0.12810	liquid
152.00	1.9000	22.179	0.045088	2.3366	2.4222	17.894	30.723	64.950	913.98	-0.065318	54.463	0.12811	liquid
152.00	1.9100	22.180	0.045085	2.3362	2.4223	17.892	30.723	64.938	914.20	-0.065649	54.476	0.12813	liquid
152.00	1.9200	22.182	0.045082	2.3357	2.4223	17.889	30.723	64.926	914.43	-0.065980	54.488	0.12815	liquid
152.00	1.9300	22.183	0.045079	2.3353	2.4223	17.886	30.724	64.914	914.65	-0.066310	54.501	0.12817	liquid
152.00	1.9400	22.185	0.045075	2.3349	2.4224	17.883	30.724	64.902	914.87	-0.066640	54.514	0.12819	liquid
152.00	1.9500	22.187	0.045072	2.3345	2.4224	17.881	30.724	64.890	915.09	-0.066969	54.526	0.12821	liquid
152.00	1.9600	22.188	0.045069	2.3341	2.4225	17.878	30.724	64.878	915.31	-0.067298	54.539	0.12823	liquid
152.00	1.9700	22.190	0.045066	2.3337	2.4225	17.875	30.724	64.867	915.53	-0.067626	54.551	0.12825	liquid
152.00	1.9800	22.191	0.045063	2.3333	2.4226	17.873	30.724	64.855	915.75	-0.067954	54.564	0.12827	liquid
152.00	1.9900	22.193	0.045059	2.3329	2.4226	17.870	30.724	64.843	915.98	-0.068282	54.576	0.12829	liquid
152.00	2.0000	22.194	0.045056	2.3325	2.4227	17.867	30.725	64.831	916.20	-0.068609	54.589	0.12831	liquid
152.00	2.0100	22.196	0.045053	2.3321	2.4227	17.865	30.725	64.819	916.42	-0.068936	54.601	0.12833	liquid
152.00	2.0200	22.198	0.045050	2.3317	2.4227	17.862	30.725	64.807	916.64	-0.069262	54.614	0.12835	liquid
152.00	2.0300	22.199	0.045047	2.3313	2.4228	17.859	30.725	64.796	916.86	-0.069588	54.626	0.12837	liquid
152.00	2.0400	22.201	0.045044	2.3309	2.4228	17.857	30.725	64.784	917.08	-0.069914	54.639	0.12839	liquid
152.00	2.0500	22.202	0.045040	2.3305	2.4229	17.854	30.725	64.772	917.30	-0.070239	54.651	0.12841	liquid
152.00	2.0600	22.204	0.045037	2.3301	2.4229	17.851	30.726	64.761	917.52	-0.070563	54.664	0.12843	liquid
152.00	2.0700	22.205	0.045034	2.3298	2.4230	17.849	30.726	64.749	917.74	-0.070887	54.676	0.12845	liquid
152.00	2.0800	22.207	0.045031	2.3294	2.4230	17.846	30.726	64.737	917.96	-0.071211	54.689	0.12847	liquid
152.00	2.0900	22.209	0.045028	2.3290	2.4231	17.843	30.726	64.726	918.18	-0.071534	54.701	0.12849	liquid
152.00	2.1000	22.210	0.045025	2.3286	2.4231	17.841	30.726	64.714	918.40	-0.071857	54.714	0.12851	liquid
152.00	2.1100	22.212	0.045021	2.3282	2.4232	17.838	30.726	64.702	918.62	-0.072179	54.726	0.12852	liquid
152.00	2.1200	22.213	0.045018	2.3278	2.4232	17.835	30.727	64.691	918.83	-0.072501	54.738	0.12854	liquid
152.00	2.1300	22.215	0.045015	2.3274	2.4233	17.833	30.727	64.679	919.05	-0.072823	54.751	0.12856	liquid
152.00	2.1400	22.216	0.045012	2.3270	2.4233	17.830	30.727	64.668	919.27	-0.073144	54.763	0.12858	liquid
152.00	2.1500	22.218	0.045009	2.3266	2.4233	17.828	30.727	64.656	919.49	-0.073465	54.776	0.12860	liquid
152.00	2.1600	22.219	0.045006	2.3262	2.4234	17.825	30.727	64.645	919.71	-0.073785	54.788	0.12862	liquid
152.00	2.1700	22.221	0.045003	2.3258	2.4234	17.822	30.727	64.633	919.93	-0.074105	54.801	0.12864	liquid
152.00	2.1800	22.223	0.044999	2.3254	2.4235	17.820	30.728	64.622	920.15	-0.074424	54.813	0.12866	liquid
152.00	2.1900	22.224	0.044996	2.3250	2.4235	17.817	30.728	64.610	920.36	-0.074744	54.826	0.12868	liquid
152.00	2.2000	22.226	0.044993	2.3246	2.4236	17.814	30.728	64.599	920.58	-0.075062	54.838	0.12870	liquid
152.00	2.2100	22.227	0.044990	2.3242	2.4236	17.812	30.728	64.587	920.80	-0.075380	54.850	0.12872	liquid
152.00	2.2200	22.229	0.044987	2.3238	2.4237	17.809	30.728	64.576	921.02	-0.075698	54.863	0.12874	liquid
152.00	2.2300	22.230	0.044984	2.3234	2.4237	17.806	30.728	64.564	921.23	-0.076015	54.875	0.12876	liquid
152.00	2.2400	22.232	0.044981	2.3230	2.4238	17.804	30.729	64.553	921.45	-0.076332	54.888	0.12878	liquid
152.00	2.2500	22.233	0.044978	2.3226	2.4238	17.801	30.729	64.542	921.67	-0.076649	54.900	0.12880	liquid
152.00	2.2600	22.235	0.044974	2.3222	2.4239	17.798	30.729	64.530	921.88	-0.076965	54.912	0.12882	liquid
152.00	2.2700	22.236	0.044971	2.3218	2.4239	17.796	30.729	64.519	922.10	-0.077281	54.925	0.12883	liquid
152.00	2.2800	22.238	0.044968	2.3215	2.4240	17.793	30.729	64.508	922.32	-0.077596	54.937	0.12885	liquid
152.00	2.2900	22.239	0.044965	2.3211	2.4240	17.791	30.730	64.496	922.53	-0.077911	54.949	0.12887	liquid
152.00	2.3000	22.241	0.044962	2.3207	2.4241	17.788	30.730	64.485	922.75	-0.078225	54.962	0.12889	liquid
152.00	2.3100	22.243	0.044959	2.3203	2.4241	17.785	30.730	64.474	922.97	-0.078540	54.974	0.12891	liquid
152.00	2.3200	22.244	0.044956	2.3199	2.4242	17.783	30.730	64.463	923.18	-0.078853	54.987	0.12893	liquid
152.00	2.3300	22.246	0.044953	2.3195	2.4242	17.780	30.730	64.451	923.40	-0.079166	54.999	0.12895	liquid
152.00	2.3400	22.247	0.044950	2.3191	2.4243	17.777	30.730	64.440	923.61	-0.079479	55.011	0.12897	liquid
152.00	2.3500	22.249	0.044946	2.3187	2.4243	17.775	30.731	64.429	923.83	-0.079792	55.024	0.12899	liquid
152.00	2.3600	22.250	0.044943	2.3183	2.4244	17.772	30.731	64.418	924.05	-0.080104	55.036	0.12901	liquid
152.00	2.3700	22.252	0.044940	2.3179	2.4244	17.770	30.731	64.407	924.26	-0.080415	55.048	0.12903	liquid
152.00	2.3800	22.253	0.044937	2.3175	2.4245	17.767	30.731	64.395	924.48	-0.080727	55.061	0.12905	liquid
152.00	2.3900	22.255	0.044934	2.3171	2.4245	17.764	30.731	64.384	924.69	-0.081038	55.073	0.12906	liquid
152.00	2.4000	22.256	0.044931	2.3168	2.4246	17.762	30.732	64.373	924.91	-0.081348	55.085	0.12908	liquid
152.00	2.4100	22.258	0.044928	2.3164	2.4246	17.759	30.732	64.362	925.12	-0.081658	55.098	0.12910	liquid
152.00	2.4200	22.259	0.044925	2.3160	2.4247	17.757	30.732	64.351	925.34	-0.081968	55.110	0.12912	liquid
152.00	2.4300	22.261	0.044922	2.3156	2.4248	17.754	30.732	64.340	925.55	-0.082277	55.122	0.12914	liquid
152.00	2.4400	22.262	0.044919	2.3152	2.4248	17.751	30.732	64.329	925.76	-0.082586	55.135	0.12916	liquid
152.00	2.4500	22.264	0.044916	2.3148	2.4249	17.749	30.732	64.318	925.98	-0.082894	55.147	0.12918	liquid
152.00	2.4600	22.265	0.044913	2.3144	2.4249	17.746	30.733	64.307	926.19	-0.083202	55.159	0.12920	liquid
152.00	2.4700	22.267	0.044910	2.3140	2.4250	17.744	30.733	64.296	926.41	-0.083510	55.171	0.12922	liquid
152.00	2.4800	22.268	0.044906	2.3137	2.4250	17.741	30.733	64.285	926.62	-0.083817	55.184	0.12924	liquid
152.00	2.4900	22.270	0.044903	2.3133	2.4251	17.738	30.733	64.274	926.83	-0.084124	55.196	0.12926	liquid
152.00	2.5000	22.272	0.044900	2.3129	2.4251	17.736	30.733	64.263	927.05	-0.084430	55.208	0.12928	liquid
152.00	2.5100	22.273	0.044897	2.3125	2.4252	17.733	30.734	64.252	927.26	-0.084737	55.221	0.12929	liquid
152.00	2.5200	22.275	0.044894	2.3121	2.4252	17.731	30.734	64.241	927.47	-0.085042	55.233	0.12931	liquid
152.00	2.5300	22.276	0.044891	2.3117	2.4253	17.728	30.734	64.230	927.69	-0.085348	55.245	0.12933	liquid
152.00	2.5400	22.278	0.044888	2.3113	2.4253	17.725	30.734	64.219	927.90	-0.085653	55.257	0.12935	liquid
152.00	2.5500	22.279	0.044885	2.3109	2.4254	17.723	30.734	64.208	928.11	-0.085957	55.270	0.12937	liquid
152.00	2.5600	22.281	0.044882	2.3106	2.4255	17.720	30.735	64.197	928.32	-0.086261	55.282	0.12939	liquid
152.00	2.5700	22.282	0.044879	2.3102	2.4255	17.718	30.735	64.187	928.54	-0.086565	55.294	0.12941	liquid
152.00	2.5800	22.284	0.044876	2.3098	2.4256	17.715	30.735	64.176	928.75	-0.086868	55.306	0.12943	liquid
152.00	2.5900	22.285	0.044873	2.3094	2.4256	17.712	30.735	64.165	928.96	-0.087171	55.318	0.12945	liquid
152.00	2.6000	22.287	0.044870	2.3090	2.4257	17.710	30.735	64.154	929.17	-0.087474	55.331	0.12947	liquid
152.00	2.6100	22.288	0.044867	2.3086	2.4257	17.707	30.736	64.143	929.39	-0.087776	55.343	0.12948	liquid
152.00	2.6200	22.290	0.044864	2.3082	2.4258	17.705	30.736	64.133	929.60	-0.088078	55.355	0.12950	liquid
152.00	2.6300	22.291	0.044861	2.3079	2.4258	17.702	30.736	64.122	929.81	-0.088379	55.367	0.12952	liquid
152.00	2.6400	22.293	0.044858	2.3075	2.4259	17.700	30.736	64.111	930.02	-0.088681	55.380	0.12954	liquid
152.00	2.6500	22.294	0.044855	2.3071	2.4260	17.697	30.736	64.100	930.23	-0.088981	55.392	0.12956	liquid
152.00	2.6600	22.296	0.044852	2.3067	2.4260	17.694	30.737	64.090	930.44	-0.089282	55.404	0.12958	liquid
152.00	2.6700	22.297	0.044849	2.3063	2.4261	17.692	30.737	64.079	930.65	-0.089582	55.416	0.12960	liquid
152.00	2.6800	22.299	0.044846	2.3059	2.4261	17.689	30.737	64.068	930.86	-0.089881	55.428	0.12962	liquid
152.00	2.6900	22.300	0.044843	2.3056	2.4262	17.687	30.737	64.058	931.08	-0.090180	55.441	0.12964	liquid
152.00	2.7000	22.302	0.044840	2.3052	2.4263	17.684	30.737	64.047	931.29	-0.090479	55.453	0.12966	liquid
152.00	2.7100	22.303	0.044837	2.3048	2.4263	17.682	30.738	64.036	931.50	-0.090778	55.465	0.12967	liquid
152.00	2.7200	22.305	0.044834	2.3044	2.4264	17.679	30.738	64.026	931.71	-0.091076	55.477	0.12969	liquid
152.00	2.7300	22.306	0.044831	2.3040	2.4264	17.676	30.738	64.015	931.92	-0.091373	55.489	0.12971	liquid
152.00	2.7400	22.308	0.044828	2.3037	2.4265	17.674	30.738	64.005	932.13	-0.091671	55.501	0.12973	liquid
152.00	2.7500	22.309	0.044825	2.3033	2.4265	17.671	30.738	63.994	932.34	-0.091968	55.514	0.12975	liquid
152.00	2.7600	22.311	0.044822	2.3029	2.4266	17.669	30.739	63.984	932.55	-0.092264	55.526	0.12977	liquid
152.00	2.7700	22.312	0.044819	2.3025	2.4267	17.666	30.739	63.973	932.76	-0.092560	55.538	0.12979	liquid
152.00	2.7800	22.314	0.044816	2.3021	2.4267	17.664	30.739	63.962	932.97	-0.092856	55.550	0.12981	liquid
152.00	2.7900	22.315	0.044813	2.3018	2.4268	17.661	30.739	63.952	933.18	-0.093152	55.562	0.12982	liquid
152.00	2.8000	22.317	0.044810	2.3014	2.4268	17.658	30.739	63.941	933.38	-0.093447	55.574	0.12984	liquid
152.00	2.8100	22.318	0.044807	2.3010	2.4269	17.656	30.740	63.931	933.59	-0.093742	55.586	0.12986	liquid
152.00	2.8200	22.320	0.044804	2.3006	2.4270	17.653	30.740	63.921	933.80	-0.094036	55.599	0.12988	liquid
152.00	2.8300	22.321	0.044801	2.3002	2.4270	17.651	30.740	63.910	934.01	-0.094330	55.611	0.12990	liquid
152.00	2.8400	22.323	0.044798	2.2999	2.4271	17.648	30.740	63.900	934.22	-0.094624	55.623	0.12992	liquid
152.00	2.8500	22.324	0.044795	2.2995	2.4271	17.646	30.741	63.889	934.43	-0.094917	55.635	0.12994	liquid
152.00	2.8600	22.326	0.044792	2.2991	2.4272	17.643	30.741	63.879	934.64	-0.095210	55.647	0.12996	liquid
152.00	2.8700	22.327	0.044789	2.2987	2.4273	17.641	30.741	63.868	934.85	-0.095502	55.659	0.12998	liquid
152.00	2.8800	22.328	0.044786	2.2983	2.4273	17.638	30.741	63.858	935.05	-0.095795	55.671	0.12999	liquid
152.00	2.8900	22.330	0.044783	2.2980	2.4274	17.636	30.741	63.848	935.26	-0.096086	55.683	0.13001	liquid
152.00	2.9000	22.331	0.044780	2.2976	2.4274	17.633	30.742	63.837	935.47	-0.096378	55.695	0.13003	liquid
152.00	2.9100	22.333	0.044777	2.2972	2.4275	17.630	30.742	63.827	935.68	-0.096669	55.708	0.13005	liquid
152.00	2.9200	22.334	0.044774	2.2968	2.4276	17.628	30.742	63.817	935.89	-0.096960	55.720	0.13007	liquid
152.00	2.9300	22.336	0.044771	2.2965	2.4276	17.625	30.742	63.806	936.09	-0.097250	55.732	0.13009	liquid
152.00	2.9400	22.337	0.044768	2.2961	2.4277	17.623	30.742	63.796	936.30	-0.097540	55.744	0.13011	liquid
152.00	2.9500	22.339	0.044765	2.2957	2.4278	17.620	30.743	63.786	936.51	-0.097830	55.756	0.13012	liquid
152.00	2.9600	22.340	0.044762	2.2953	2.4278	17.618	30.743	63.776	936.71	-0.098119	55.768	0.13014	liquid
152.00	2.9700	22.342	0.044759	2.2949	2.4279	17.615	30.743	63.765	936.92	-0.098408	55.780	0.13016	liquid
152.00	2.9800	22.343	0.044756	2.2946	2.4279	17.613	30.743	63.755	937.13	-0.098697	55.792	0.13018	liquid
152.00	2.9900	22.345	0.044753	2.2942	2.4280	17.610	30.744	63.745	937.34	-0.098985	55.804	0.13020	liquid
152.00	3.0000	22.346	0.044750	2.2938	2.4281	17.608	30.744	63.735	937.54	-0.099273	55.816	0.13022	liquid
152.00	3.0100	22.348	0.044747	2.2934	2.4281	17.605	30.744	63.724	937.75	-0.099561	55.828	0.13024	liquid
152.00	3.0200	22.349	0.044744	2.2931	2.4282	17.603	30.744	63.714	937.95	-0.099848	55.840	0.13026	liquid
152.00	3.0300	22.351	0.044742	2.2927	2.4283	17.600	30.744	63.704	938.16	-0.10013	55.852	0.13027	liquid
152.00	3.0400	22.352	0.044739	2.2923	2.4283	17.598	30.745	63.694	938.37	-0.10042	55.864	0.13029	liquid
152.00	3.0500	22.354	0.044736	2.2919	2.4284	17.595	30.745	63.684	938.57	-0.10071	55.876	0.13031	liquid
152.00	3.0600	22.355	0.044733	2.2916	2.4285	17.592	30.745	63.674	938.78	-0.10099	55.888	0.13033	liquid
152.00	3.0700	22.356	0.044730	2.2912	2.4285	17.590	30.745	63.664	938.98	-0.10128	55.900	0.13035	liquid
152.00	3.0800	22.358	0.044727	2.2908	2.4286	17.587	30.746	63.654	939.19	-0.10156	55.912	0.13037	liquid
152.00	3.0900	22.359	0.044724	2.2904	2.4286	17.585	30.746	63.643	939.40	-0.10185	55.924	0.13039	liquid
152.00	3.1000	22.361	0.044721	2.2901	2.4287	17.582	30.746	63.633	939.60	-0.10213	55.936	0.13040	liquid
152.00	3.1100	22.362	0.044718	2.2897	2.4288	17.580	30.746	63.623	939.81	-0.10242	55.948	0.13042	liquid
152.00	3.1200	22.364	0.044715	2.2893	2.4288	17.577	30.746	63.613	940.01	-0.10270	55.960	0.13044	liquid
152.00	3.1300	22.365	0.044712	2.2890	2.4289	17.575	30.747	63.603	940.22	-0.10298	55.972	0.13046	liquid
152.00	3.1400	22.367	0.044709	2.2886	2.4290	17.572	30.747	63.593	940.42	-0.10327	55.984	0.13048	liquid
152.00	3.1500	22.368	0.044706	2.2882	2.4290	17.570	30.747	63.583	940.63	-0.10355	55.996	0.13050	liquid
152.00	3.1600	22.370	0.044704	2.2878	2.4291	17.567	30.747	63.573	940.83	-0.10383	56.008	0.13052	liquid
152.00	3.1700	22.371	0.044701	2.2875	2.4292	17.565	30.748	63.563	941.03	-0.10411	56.020	0.13053	liquid
152.00	3.1800	22.373	0.044698	2.2871	2.4292	17.562	30.748	63.553	941.24	-0.10440	56.032	0.13055	liquid
152.00	3.1900	22.374	0.044695	2.2867	2.4293	17.560	30.748	63.543	941.44	-0.10468	56.044	0.13057	liquid
152.00	3.2000	22.375	0.044692	2.2864	2.4294	17.557	30.748	63.534	941.65	-0.10496	56.056	0.13059	liquid
152.00	3.2100	22.377	0.044689	2.2860	2.4294	17.555	30.749	63.524	941.85	-0.10524	56.068	0.13061	liquid
152.00	3.2200	22.378	0.044686	2.2856	2.4295	17.552	30.749	63.514	942.05	-0.10552	56.080	0.13063	liquid
152.00	3.2300	22.380	0.044683	2.2852	2.4296	17.550	30.749	63.504	942.26	-0.10580	56.092	0.13065	liquid
152.00	3.2400	22.381	0.044680	2.2849	2.4296	17.547	30.749	63.494	942.46	-0.10608	56.104	0.13066	liquid
152.00	3.2500	22.383	0.044677	2.2845	2.4297	17.545	30.749	63.484	942.67	-0.10636	56.116	0.13068	liquid
152.00	3.2600	22.384	0.044675	2.2841	2.4298	17.542	30.750	63.474	942.87	-0.10664	56.128	0.13070	liquid
152.00	3.2700	22.386	0.044672	2.2838	2.4298	17.540	30.750	63.464	943.07	-0.10692	56.140	0.13072	liquid
152.00	3.2800	22.387	0.044669	2.2834	2.4299	17.537	30.750	63.455	943.27	-0.10719	56.152	0.13074	liquid
152.00	3.2900	22.388	0.044666	2.2830	2.4300	17.535	30.750	63.445	943.48	-0.10747	56.164	0.13076	liquid
152.00	3.3000	22.390	0.044663	2.2827	2.4300	17.532	30.751	63.435	943.68	-0.10775	56.176	0.13077	liquid
152.00	3.3100	22.391	0.044660	2.2823	2.4301	17.530	30.751	63.425	943.88	-0.10803	56.188	0.13079	liquid
152.00	3.3200	22.393	0.044657	2.2819	2.4302	17.527	30.751	63.415	944.09	-0.10830	56.200	0.13081	liquid
152.00	3.3300	22.394	0.044654	2.2816	2.4302	17.525	30.751	63.406	944.29	-0.10858	56.211	0.13083	liquid
152.00	3.3400	22.396	0.044652	2.2812	2.4303	17.522	30.752	63.396	944.49	-0.10886	56.223	0.13085	liquid
152.00	3.3500	22.397	0.044649	2.2808	2.4304	17.520	30.752	63.386	944.69	-0.10913	56.235	0.13087	liquid
152.00	3.3600	22.399	0.044646	2.2804	2.4305	17.517	30.752	63.377	944.89	-0.10941	56.247	0.13088	liquid
152.00	3.3700	22.400	0.044643	2.2801	2.4305	17.515	30.752	63.367	945.10	-0.10968	56.259	0.13090	liquid
152.00	3.3800	22.401	0.044640	2.2797	2.4306	17.513	30.753	63.357	945.30	-0.10996	56.271	0.13092	liquid
152.00	3.3900	22.403	0.044637	2.2793	2.4307	17.510	30.753	63.347	945.50	-0.11023	56.283	0.13094	liquid
152.00	3.4000	22.404	0.044634	2.2790	2.4307	17.508	30.753	63.338	945.70	-0.11051	56.295	0.13096	liquid
152.00	3.4100	22.406	0.044631	2.2786	2.4308	17.505	30.753	63.328	945.90	-0.11078	56.307	0.13098	liquid
152.00	3.4200	22.407	0.044629	2.2782	2.4309	17.503	30.754	63.319	946.10	-0.11106	56.318	0.13099	liquid
152.00	3.4300	22.409	0.044626	2.2779	2.4309	17.500	30.754	63.309	946.31	-0.11133	56.330	0.13101	liquid
152.00	3.4400	22.410	0.044623	2.2775	2.4310	17.498	30.754	63.299	946.51	-0.11160	56.342	0.13103	liquid
152.00	3.4500	22.411	0.044620	2.2771	2.4311	17.495	30.754	63.290	946.71	-0.11188	56.354	0.13105	liquid
152.00	3.4600	22.413	0.044617	2.2768	2.4312	17.493	30.755	63.280	946.91	-0.11215	56.366	0.13107	liquid
152.00	3.4700	22.414	0.044614	2.2764	2.4312	17.490	30.755	63.271	947.11	-0.11242	56.378	0.13109	liquid
152.00	3.4800	22.416	0.044611	2.2761	2.4313	17.488	30.755	63.261	947.31	-0.11269	56.390	0.13110	liquid
152.00	3.4900	22.417	0.044609	2.2757	2.4314	17.485	30.755	63.251	947.51	-0.11296	56.401	0.13112	liquid
152.00	3.5000	22.419	0.044606	2.2753	2.4314	17.483	30.755	63.242	947.71	-0.11323	56.413	0.13114	liquid
152.00	3.5100	22.420	0.044603	2.2750	2.4315	17.480	30.756	63.232	947.91	-0.11351	56.425	0.13116	liquid
152.00	3.5200	22.421	0.044600	2.2746	2.4316	17.478	30.756	63.223	948.11	-0.11378	56.437	0.13118	liquid
152.00	3.5300	22.423	0.044597	2.2742	2.4317	17.475	30.756	63.213	948.31	-0.11405	56.449	0.13120	liquid
152.00	3.5400	22.424	0.044594	2.2739	2.4317	17.473	30.756	63.204	948.51	-0.11432	56.461	0.13121	liquid
152.00	3.5500	22.426	0.044592	2.2735	2.4318	17.471	30.757	63.194	948.71	-0.11459	56.472	0.13123	liquid
152.00	3.5600	22.427	0.044589	2.2731	2.4319	17.468	30.757	63.185	948.91	-0.11486	56.484	0.13125	liquid
152.00	3.5700	22.429	0.044586	2.2728	2.4319	17.466	30.757	63.176	949.11	-0.11512	56.496	0.13127	liquid
152.00	3.5800	22.430	0.044583	2.2724	2.4320	17.463	30.757	63.166	949.31	-0.11539	56.508	0.13129	liquid
152.00	3.5900	22.431	0.044580	2.2721	2.4321	17.461	30.758	63.157	949.51	-0.11566	56.520	0.13131	liquid
152.00	3.6000	22.433	0.044578	2.2717	2.4322	17.458	30.758	63.147	949.71	-0.11593	56.531	0.13132	liquid
152.00	3.6100	22.434	0.044575	2.2713	2.4322	17.456	30.758	63.138	949.91	-0.11620	56.543	0.13134	liquid
152.00	3.6200	22.436	0.044572	2.2710	2.4323	17.453	30.758	63.128	950.11	-0.11646	56.555	0.13136	liquid
152.00	3.6300	22.437	0.044569	2.2706	2.4324	17.451	30.759	63.119	950.30	-0.11673	56.567	0.13138	liquid
152.00	3.6400	22.439	0.044566	2.2702	2.4325	17.448	30.759	63.110	950.50	-0.11700	56.579	0.13140	liquid
152.00	3.6500	22.440	0.044563	2.2699	2.4325	17.446	30.759	63.100	950.70	-0.11726	56.590	0.13141	liquid
152.00	3.6600	22.441	0.044561	2.2695	2.4326	17.444	30.759	63.091	950.90	-0.11753	56.602	0.13143	liquid
152.00	3.6700	22.443	0.044558	2.2692	2.4327	17.441	30.760	63.082	951.10	-0.11780	56.614	0.13145	liquid
152.00	3.6800	22.444	0.044555	2.2688	2.4328	17.439	30.760	63.072	951.30	-0.11806	56.626	0.13147	liquid
152.00	3.6900	22.446	0.044552	2.2684	2.4328	17.436	30.760	63.063	951.49	-0.11833	56.638	0.13149	liquid
152.00	3.7000	22.447	0.044549	2.2681	2.4329	17.434	30.760	63.054	951.69	-0.11859	56.649	0.13151	liquid
152.00	3.7100	22.448	0.044547	2.2677	2.4330	17.431	30.761	63.045	951.89	-0.11886	56.661	0.13152	liquid
152.00	3.7200	22.450	0.044544	2.2674	2.4331	17.429	30.761	63.035	952.09	-0.11912	56.673	0.13154	liquid
152.00	3.7300	22.451	0.044541	2.2670	2.4331	17.427	30.761	63.026	952.29	-0.11939	56.685	0.13156	liquid
152.00	3.7400	22.453	0.044538	2.2666	2.4332	17.424	30.762	63.017	952.48	-0.11965	56.696	0.13158	liquid
152.00	3.7500	22.454	0.044535	2.2663	2.4333	17.422	30.762	63.008	952.68	-0.11991	56.708	0.13160	liquid
152.00	3.7600	22.455	0.044533	2.2659	2.4334	17.419	30.762	62.998	952.88	-0.12018	56.720	0.13161	liquid
152.00	3.7700	22.457	0.044530	2.2656	2.4334	17.417	30.762	62.989	953.08	-0.12044	56.732	0.13163	liquid
152.00	3.7800	22.458	0.044527	2.2652	2.4335	17.414	30.763	62.980	953.27	-0.12070	56.743	0.13165	liquid
152.00	3.7900	22.460	0.044524	2.2648	2.4336	17.412	30.763	62.971	953.47	-0.12096	56.755	0.13167	liquid
152.00	3.8000	22.461	0.044522	2.2645	2.4337	17.410	30.763	62.962	953.67	-0.12122	56.767	0.13169	liquid
152.00	3.8100	22.462	0.044519	2.2641	2.4337	17.407	30.763	62.953	953.86	-0.12149	56.778	0.13170	liquid
152.00	3.8200	22.464	0.044516	2.2638	2.4338	17.405	30.764	62.943	954.06	-0.12175	56.790	0.13172	liquid
152.00	3.8300	22.465	0.044513	2.2634	2.4339	17.402	30.764	62.934	954.26	-0.12201	56.802	0.13174	liquid
152.00	3.8400	22.467	0.044510	2.2631	2.4340	17.400	30.764	62.925	954.45	-0.12227	56.814	0.13176	liquid
152.00	3.8500	22.468	0.044508	2.2627	2.4340	17.397	30.764	62.916	954.65	-0.12253	56.825	0.13178	liquid
152.00	3.8600	22.469	0.044505	2.2623	2.4341	17.395	30.765	62.907	954.84	-0.12279	56.837	0.13179	liquid
152.00	3.8700	22.471	0.044502	2.2620	2.4342	17.393	30.765	62.898	955.04	-0.12305	56.849	0.13181	liquid
152.00	3.8800	22.472	0.044499	2.2616	2.4343	17.390	30.765	62.889	955.24	-0.12331	56.860	0.13183	liquid
152.00	3.8900	22.474	0.044497	2.2613	2.4344	17.388	30.765	62.880	955.43	-0.12357	56.872	0.13185	liquid
152.00	3.9000	22.475	0.044494	2.2609	2.4344	17.385	30.766	62.871	955.63	-0.12383	56.884	0.13187	liquid
152.00	3.9100	22.476	0.044491	2.2606	2.4345	17.383	30.766	62.862	955.82	-0.12409	56.895	0.13188	liquid
152.00	3.9200	22.478	0.044488	2.2602	2.4346	17.380	30.766	62.853	956.02	-0.12434	56.907	0.13190	liquid
152.00	3.9300	22.479	0.044486	2.2598	2.4347	17.378	30.766	62.844	956.21	-0.12460	56.919	0.13192	liquid
152.00	3.9400	22.481	0.044483	2.2595	2.4347	17.376	30.767	62.835	956.41	-0.12486	56.930	0.13194	liquid
152.00	3.9500	22.482	0.044480	2.2591	2.4348	17.373	30.767	62.826	956.60	-0.12512	56.942	0.13196	liquid
152.00	3.9600	22.483	0.044477	2.2588	2.4349	17.371	30.767	62.817	956.80	-0.12537	56.954	0.13197	liquid
152.00	3.9700	22.485	0.044475	2.2584	2.4350	17.368	30.768	62.808	956.99	-0.12563	56.965	0.13199	liquid
152.00	3.9800	22.486	0.044472	2.2581	2.4351	17.366	30.768	62.799	957.19	-0.12589	56.977	0.13201	liquid
152.00	3.9900	22.488	0.044469	2.2577	2.4351	17.364	30.768	62.790	957.38	-0.12614	56.989	0.13203	liquid
152.00	4.0000	22.489	0.044466	2.2574	2.4352	17.361	30.768	62.781	957.58	-0.12640	57.000	0.13205	liquid
152.00	4.0100	22.490	0.044464	2.2570	2.4353	17.359	30.769	62.772	957.77	-0.12666	57.012	0.13206	liquid
152.00	4.0200	22.492	0.044461	2.2566	2.4354	17.356	30.769	62.763	957.97	-0.12691	57.024	0.13208	liquid
152.00	4.0300	22.493	0.044458	2.2563	2.4355	17.354	30.769	62.754	958.16	-0.12717	57.035	0.13210	liquid
152.00	4.0400	22.494	0.044455	2.2559	2.4355	17.352	30.769	62.745	958.36	-0.12742	57.047	0.13212	liquid
152.00	4.0500	22.496	0.044453	2.2556	2.4356	17.349	30.770	62.736	958.55	-0.12768	57.059	0.13213	liquid
152.00	4.0600	22.497	0.044450	2.2552	2.4357	17.347	30.770	62.727	958.74	-0.12793	57.070	0.13215	liquid
152.00	4.0700	22.499	0.044447	2.2549	2.4358	17.344	30.770	62.719	958.94	-0.12818	57.082	0.13217	liquid
152.00	4.0800	22.500	0.044444	2.2545	2.4359	17.342	30.771	62.710	959.13	-0.12844	57.093	0.13219	liquid
152.00	4.0900	22.501	0.044442	2.2542	2.4359	17.340	30.771	62.701	959.32	-0.12869	57.105	0.13221	liquid
152.00	4.1000	22.503	0.044439	2.2538	2.4360	17.337	30.771	62.692	959.52	-0.12894	57.117	0.13222	liquid
152.00	4.1100	22.504	0.044436	2.2535	2.4361	17.335	30.771	62.683	959.71	-0.12920	57.128	0.13224	liquid
152.00	4.1200	22.506	0.044434	2.2531	2.4362	17.332	30.772	62.674	959.90	-0.12945	57.140	0.13226	liquid
152.00	4.1300	22.507	0.044431	2.2528	2.4363	17.330	30.772	62.666	960.10	-0.12970	57.151	0.13228	liquid
152.00	4.1400	22.508	0.044428	2.2524	2.4363	17.328	30.772	62.657	960.29	-0.12995	57.163	0.13230	liquid
152.00	4.1500	22.510	0.044425	2.2521	2.4364	17.325	30.772	62.648	960.48	-0.13021	57.175	0.13231	liquid
152.00	4.1600	22.511	0.044423	2.2517	2.4365	17.323	30.773	62.639	960.68	-0.13046	57.186	0.13233	liquid
152.00	4.1700	22.512	0.044420	2.2514	2.4366	17.321	30.773	62.631	960.87	-0.13071	57.198	0.13235	liquid
152.00	4.1800	22.514	0.044417	2.2510	2.4367	17.318	30.773	62.622	961.06	-0.13096	57.209	0.13237	liquid
152.00	4.1900	22.515	0.044415	2.2507	2.4368	17.316	30.774	62.613	961.25	-0.13121	57.221	0.13238	liquid
152.00	4.2000	22.517	0.044412	2.2503	2.4368	17.313	30.774	62.604	961.45	-0.13146	57.233	0.13240	liquid
152.00	4.2100	22.518	0.044409	2.2500	2.4369	17.311	30.774	62.596	961.64	-0.13171	57.244	0.13242	liquid
152.00	4.2200	22.519	0.044406	2.2496	2.4370	17.309	30.774	62.587	961.83	-0.13196	57.256	0.13244	liquid
152.00	4.2300	22.521	0.044404	2.2493	2.4371	17.306	30.775	62.578	962.02	-0.13221	57.267	0.13246	liquid
152.00	4.2400	22.522	0.044401	2.2489	2.4372	17.304	30.775	62.570	962.22	-0.13246	57.279	0.13247	liquid
152.00	4.2500	22.523	0.044398	2.2486	2.4373	17.301	30.775	62.561	962.41	-0.13271	57.290	0.13249	liquid
152.00	4.2600	22.525	0.044396	2.2482	2.4373	17.299	30.775	62.552	962.60	-0.13296	57.302	0.13251	liquid
152.00	4.2700	22.526	0.044393	2.2479	2.4374	17.297	30.776	62.544	962.79	-0.13320	57.313	0.13253	liquid
152.00	4.2800	22.527	0.044390	2.2475	2.4375	17.294	30.776	62.535	962.98	-0.13345	57.325	0.13254	liquid
152.00	4.2900	22.529	0.044388	2.2472	2.4376	17.292	30.776	62.527	963.17	-0.13370	57.337	0.13256	liquid
152.00	4.3000	22.530	0.044385	2.2468	2.4377	17.290	30.777	62.518	963.36	-0.13395	57.348	0.13258	liquid
152.00	4.3100	22.532	0.044382	2.2465	2.4378	17.287	30.777	62.509	963.56	-0.13420	57.360	0.13260	liquid
152.00	4.3200	22.533	0.044379	2.2461	2.4378	17.285	30.777	62.501	963.75	-0.13444	57.371	0.13261	liquid
152.00	4.3300	22.534	0.044377	2.2458	2.4379	17.283	30.777	62.492	963.94	-0.13469	57.383	0.13263	liquid
152.00	4.3400	22.536	0.044374	2.2454	2.4380	17.280	30.778	62.484	964.13	-0.13494	57.394	0.13265	liquid
152.00	4.3500	22.537	0.044371	2.2451	2.4381	17.278	30.778	62.475	964.32	-0.13518	57.406	0.13267	liquid
152.00	4.3600	22.538	0.044369	2.2447	2.4382	17.275	30.778	62.467	964.51	-0.13543	57.417	0.13269	liquid
152.00	4.3700	22.540	0.044366	2.2444	2.4383	17.273	30.779	62.458	964.70	-0.13567	57.429	0.13270	liquid
152.00	4.3800	22.541	0.044363	2.2440	2.4383	17.271	30.779	62.450	964.89	-0.13592	57.440	0.13272	liquid
152.00	4.3900	22.542	0.044361	2.2437	2.4384	17.268	30.779	62.441	965.08	-0.13616	57.452	0.13274	liquid
152.00	4.4000	22.544	0.044358	2.2433	2.4385	17.266	30.779	62.433	965.27	-0.13641	57.463	0.13276	liquid
152.00	4.4100	22.545	0.044355	2.2430	2.4386	17.264	30.780	62.424	965.46	-0.13665	57.475	0.13277	liquid
152.00	4.4200	22.547	0.044353	2.2426	2.4387	17.261	30.780	62.416	965.65	-0.13690	57.486	0.13279	liquid
152.00	4.4300	22.548	0.044350	2.2423	2.4388	17.259	30.780	62.407	965.84	-0.13714	57.498	0.13281	liquid
152.00	4.4400	22.549	0.044347	2.2420	2.4389	17.257	30.781	62.399	966.03	-0.13739	57.509	0.13283	liquid
152.00	4.4500	22.551	0.044345	2.2416	2.4389	17.254	30.781	62.390	966.22	-0.13763	57.521	0.13284	liquid
152.00	4.4600	22.552	0.044342	2.2413	2.4390	17.252	30.781	62.382	966.41	-0.13787	57.532	0.13286	liquid
152.00	4.4700	22.553	0.044339	2.2409	2.4391	17.250	30.781	62.373	966.60	-0.13812	57.544	0.13288	liquid
152.00	4.4800	22.555	0.044337	2.2406	2.4392	17.247	30.782	62.365	966.79	-0.13836	57.555	0.13290	liquid
152.00	4.4900	22.556	0.044334	2.2402	2.4393	17.245	30.782	62.356	966.98	-0.13860	57.567	0.13291	liquid
152.00	4.5000	22.557	0.044331	2.2399	2.4394	17.242	30.782	62.348	967.17	-0.13884	57.578	0.13293	liquid
152.00	4.5100	22.559	0.044329	2.2395	2.4395	17.240	30.783	62.340	967.36	-0.13908	57.590	0.13295	liquid
152.00	4.5200	22.560	0.044326	2.2392	2.4395	17.238	30.783	62.331	967.55	-0.13933	57.601	0.13297	liquid
152.00	4.5300	22.561	0.044323	2.2388	2.4396	17.235	30.783	62.323	967.74	-0.13957	57.613	0.13298	liquid
152.00	4.5400	22.563	0.044321	2.2385	2.4397	17.233	30.783	62.315	967.92	-0.13981	57.624	0.13300	liquid
152.00	4.5500	22.564	0.044318	2.2382	2.4398	17.231	30.784	62.306	968.11	-0.14005	57.635	0.13302	liquid
152.00	4.5600	22.565	0.044316	2.2378	2.4399	17.228	30.784	62.298	968.30	-0.14029	57.647	0.13304	liquid
152.00	4.5700	22.567	0.044313	2.2375	2.4400	17.226	30.784	62.290	968.49	-0.14053	57.658	0.13305	liquid
152.00	4.5800	22.568	0.044310	2.2371	2.4401	17.224	30.785	62.281	968.68	-0.14077	57.670	0.13307	liquid
152.00	4.5900	22.569	0.044308	2.2368	2.4402	17.221	30.785	62.273	968.87	-0.14101	57.681	0.13309	liquid
152.00	4.6000	22.571	0.044305	2.2364	2.4402	17.219	30.785	62.265	969.05	-0.14125	57.693	0.13311	liquid
152.00	4.6100	22.572	0.044302	2.2361	2.4403	17.217	30.785	62.256	969.24	-0.14149	57.704	0.13312	liquid
152.00	4.6200	22.573	0.044300	2.2358	2.4404	17.214	30.786	62.248	969.43	-0.14173	57.715	0.13314	liquid
152.00	4.6300	22.575	0.044297	2.2354	2.4405	17.212	30.786	62.240	969.62	-0.14197	57.727	0.13316	liquid
152.00	4.6400	22.576	0.044294	2.2351	2.4406	17.210	30.786	62.232	969.81	-0.14221	57.738	0.13318	liquid
152.00	4.6500	22.578	0.044292	2.2347	2.4407	17.207	30.787	62.223	969.99	-0.14244	57.750	0.13319	liquid
152.00	4.6600	22.579	0.044289	2.2344	2.4408	17.205	30.787	62.215	970.18	-0.14268	57.761	0.13321	liquid
152.00	4.6700	22.580	0.044287	2.2340	2.4409	17.203	30.787	62.207	970.37	-0.14292	57.773	0.13323	liquid
152.00	4.6800	22.582	0.044284	2.2337	2.4410	17.200	30.787	62.199	970.56	-0.14316	57.784	0.13325	liquid
152.00	4.6900	22.583	0.044281	2.2334	2.4410	17.198	30.788	62.191	970.74	-0.14339	57.795	0.13326	liquid
152.00	4.7000	22.584	0.044279	2.2330	2.4411	17.196	30.788	62.182	970.93	-0.14363	57.807	0.13328	liquid
152.00	4.7100	22.586	0.044276	2.2327	2.4412	17.193	30.788	62.174	971.12	-0.14387	57.818	0.13330	liquid
152.00	4.7200	22.587	0.044273	2.2323	2.4413	17.191	30.789	62.166	971.30	-0.14411	57.830	0.13332	liquid
152.00	4.7300	22.588	0.044271	2.2320	2.4414	17.189	30.789	62.158	971.49	-0.14434	57.841	0.13333	liquid
152.00	4.7400	22.590	0.044268	2.2317	2.4415	17.186	30.789	62.150	971.68	-0.14458	57.852	0.13335	liquid
152.00	4.7500	22.591	0.044266	2.2313	2.4416	17.184	30.789	62.142	971.86	-0.14481	57.864	0.13337	liquid
152.00	4.7600	22.592	0.044263	2.2310	2.4417	17.182	30.790	62.133	972.05	-0.14505	57.875	0.13339	liquid
152.00	4.7700	22.594	0.044260	2.2306	2.4418	17.179	30.790	62.125	972.24	-0.14528	57.886	0.13340	liquid
152.00	4.7800	22.595	0.044258	2.2303	2.4418	17.177	30.790	62.117	972.42	-0.14552	57.898	0.13342	liquid
152.00	4.7900	22.596	0.044255	2.2300	2.4419	17.175	30.791	62.109	972.61	-0.14575	57.909	0.13344	liquid
152.00	4.8000	22.598	0.044253	2.2296	2.4420	17.173	30.791	62.101	972.80	-0.14599	57.921	0.13346	liquid
152.00	4.8100	22.599	0.044250	2.2293	2.4421	17.170	30.791	62.093	972.98	-0.14622	57.932	0.13347	liquid
152.00	4.8200	22.600	0.044247	2.2289	2.4422	17.168	30.792	62.085	973.17	-0.14646	57.943	0.13349	liquid
152.00	4.8300	22.602	0.044245	2.2286	2.4423	17.166	30.792	62.077	973.35	-0.14669	57.955	0.13351	liquid
152.00	4.8400	22.603	0.044242	2.2283	2.4424	17.163	30.792	62.069	973.54	-0.14692	57.966	0.13353	liquid
152.00	4.8500	22.604	0.044240	2.2279	2.4425	17.161	30.792	62.061	973.73	-0.14716	57.977	0.13354	liquid
152.00	4.8600	22.605	0.044237	2.2276	2.4426	17.159	30.793	62.053	973.91	-0.14739	57.989	0.13356	liquid
152.00	4.8700	22.607	0.044234	2.2272	2.4427	17.156	30.793	62.045	974.10	-0.14762	58.000	0.13358	liquid
152.00	4.8800	22.608	0.044232	2.2269	2.4428	17.154	30.793	62.037	974.28	-0.14786	58.011	0.13359	liquid
152.00	4.8900	22.609	0.044229	2.2266	2.4429	17.152	30.794	62.029	974.47	-0.14809	58.023	0.13361	liquid
152.00	4.9000	22.611	0.044227	2.2262	2.4429	17.149	30.794	62.021	974.65	-0.14832	58.034	0.13363	liquid
152.00	4.9100	22.612	0.044224	2.2259	2.4430	17.147	30.794	62.013	974.84	-0.14855	58.045	0.13365	liquid
152.00	4.9200	22.613	0.044222	2.2256	2.4431	17.145	30.795	62.005	975.02	-0.14878	58.057	0.13366	liquid
152.00	4.9300	22.615	0.044219	2.2252	2.4432	17.143	30.795	61.997	975.21	-0.14901	58.068	0.13368	liquid
152.00	4.9400	22.616	0.044216	2.2249	2.4433	17.140	30.795	61.989	975.39	-0.14925	58.079	0.13370	liquid
152.00	4.9500	22.617	0.044214	2.2245	2.4434	17.138	30.795	61.981	975.58	-0.14948	58.091	0.13372	liquid
152.00	4.9600	22.619	0.044211	2.2242	2.4435	17.136	30.796	61.973	975.76	-0.14971	58.102	0.13373	liquid
152.00	4.9700	22.620	0.044209	2.2239	2.4436	17.133	30.796	61.965	975.95	-0.14994	58.113	0.13375	liquid
152.00	4.9800	22.621	0.044206	2.2235	2.4437	17.131	30.796	61.957	976.13	-0.15017	58.125	0.13377	liquid
152.00	4.9900	22.623	0.044204	2.2232	2.4438	17.129	30.797	61.949	976.31	-0.15040	58.136	0.13379	liquid
152.00	5.0000	22.624	0.044201	2.2229	2.4439	17.126	30.797	61.941	976.50	-0.15063	58.147	0.13380	liquid
152.00	5.0100	22.625	0.044198	2.2225	2.4440	17.124	30.797	61.933	976.68	-0.15086	58.158	0.13382	liquid
152.00	5.0200	22.627	0.044196	2.2222	2.4441	17.122	30.798	61.925	976.87	-0.15108	58.170	0.13384	liquid
152.00	5.0300	22.628	0.044193	2.2219	2.4441	17.120	30.798	61.917	977.05	-0.15131	58.181	0.13385	liquid
152.00	5.0400	22.629	0.044191	2.2215	2.4442	17.117	30.798	61.909	977.23	-0.15154	58.192	0.13387	liquid
152.00	5.0500	22.631	0.044188	2.2212	2.4443	17.115	30.798	61.902	977.42	-0.15177	58.204	0.13389	liquid
152.00	5.0600	22.632	0.044186	2.2209	2.4444	17.113	30.799	61.894	977.60	-0.15200	58.215	0.13391	liquid
152.00	5.0700	22.633	0.044183	2.2205	2.4445	17.110	30.799	61.886	977.79	-0.15223	58.226	0.13392	liquid
152.00	5.0800	22.634	0.044180	2.2202	2.4446	17.108	30.799	61.878	977.97	-0.15245	58.237	0.13394	liquid
152.00	5.0900	22.636	0.044178	2.2198	2.4447	17.106	30.800	61.870	978.15	-0.15268	58.249	0.13396	liquid
152.00	5.1000	22.637	0.044175	2.2195	2.4448	17.104	30.800	61.862	978.34	-0.15291	58.260	0.13397	liquid
152.00	5.1100	22.638	0.044173	2.2192	2.4449	17.101	30.800	61.855	978.52	-0.15314	58.271	0.13399	liquid
152.00	5.1200	22.640	0.044170	2.2188	2.4450	17.099	30.801	61.847	978.70	-0.15336	58.282	0.13401	liquid
152.00	5.1300	22.641	0.044168	2.2185	2.4451	17.097	30.801	61.839	978.88	-0.15359	58.294	0.13403	liquid
152.00	5.1400	22.642	0.044165	2.2182	2.4452	17.094	30.801	61.831	979.07	-0.15382	58.305	0.13404	liquid
152.00	5.1500	22.644	0.044163	2.2178	2.4453	17.092	30.802	61.824	979.25	-0.15404	58.316	0.13406	liquid
152.00	5.1600	22.645	0.044160	2.2175	2.4454	17.090	30.802	61.816	979.43	-0.15427	58.327	0.13408	liquid
152.00	5.1700	22.646	0.044157	2.2172	2.4455	17.088	30.802	61.808	979.62	-0.15449	58.339	0.13409	liquid
152.00	5.1800	22.648	0.044155	2.2168	2.4456	17.085	30.802	61.800	979.80	-0.15472	58.350	0.13411	liquid
152.00	5.1900	22.649	0.044152	2.2165	2.4457	17.083	30.803	61.793	979.98	-0.15494	58.361	0.13413	liquid
152.00	5.2000	22.650	0.044150	2.2162	2.4458	17.081	30.803	61.785	980.16	-0.15517	58.372	0.13415	liquid
152.00	5.2100	22.651	0.044147	2.2158	2.4459	17.078	30.803	61.777	980.34	-0.15539	58.384	0.13416	liquid
152.00	5.2200	22.653	0.044145	2.2155	2.4460	17.076	30.804	61.769	980.53	-0.15562	58.395	0.13418	liquid
152.00	5.2300	22.654	0.044142	2.2152	2.4460	17.074	30.804	61.762	980.71	-0.15584	58.406	0.13420	liquid
152.00	5.2400	22.655	0.044140	2.2149	2.4461	17.072	30.804	61.754	980.89	-0.15606	58.417	0.13421	liquid
152.00	5.2500	22.657	0.044137	2.2145	2.4462	17.069	30.805	61.746	981.07	-0.15629	58.429	0.13423	liquid
152.00	5.2600	22.658	0.044135	2.2142	2.4463	17.067	30.805	61.739	981.25	-0.15651	58.440	0.13425	liquid
152.00	5.2700	22.659	0.044132	2.2139	2.4464	17.065	30.805	61.731	981.44	-0.15674	58.451	0.13427	liquid
152.00	5.2800	22.661	0.044130	2.2135	2.4465	17.063	30.806	61.723	981.62	-0.15696	58.462	0.13428	liquid
152.00	5.2900	22.662	0.044127	2.2132	2.4466	17.060	30.806	61.716	981.80	-0.15718	58.473	0.13430	liquid
152.00	5.3000	22.663	0.044125	2.2129	2.4467	17.058	30.806	61.708	981.98	-0.15740	58.485	0.13432	liquid
152.00	5.3100	22.664	0.044122	2.2125	2.4468	17.056	30.806	61.700	982.16	-0.15763	58.496	0.13433	liquid
152.00	5.3200	22.666	0.044120	2.2122	2.4469	17.054	30.807	61.693	982.34	-0.15785	58.507	0.13435	liquid
152.00	5.3300	22.667	0.044117	2.2119	2.4470	17.051	30.807	61.685	982.52	-0.15807	58.518	0.13437	liquid
152.00	5.3400	22.668	0.044115	2.2115	2.4471	17.049	30.807	61.678	982.70	-0.15829	58.529	0.13439	liquid
152.00	5.3500	22.670	0.044112	2.2112	2.4472	17.047	30.808	61.670	982.89	-0.15851	58.541	0.13440	liquid
152.00	5.3600	22.671	0.044109	2.2109	2.4473	17.045	30.808	61.662	983.07	-0.15873	58.552	0.13442	liquid
152.00	5.3700	22.672	0.044107	2.2106	2.4474	17.042	30.808	61.655	983.25	-0.15895	58.563	0.13444	liquid
152.00	5.3800	22.673	0.044104	2.2102	2.4475	17.040	30.809	61.647	983.43	-0.15918	58.574	0.13445	liquid
152.00	5.3900	22.675	0.044102	2.2099	2.4476	17.038	30.809	61.640	983.61	-0.15940	58.585	0.13447	liquid
152.00	5.4000	22.676	0.044099	2.2096	2.4477	17.035	30.809	61.632	983.79	-0.15962	58.596	0.13449	liquid
152.00	5.4100	22.677	0.044097	2.2092	2.4478	17.033	30.810	61.625	983.97	-0.15984	58.608	0.13450	liquid
152.00	5.4200	22.679	0.044094	2.2089	2.4479	17.031	30.810	61.617	984.15	-0.16006	58.619	0.13452	liquid
152.00	5.4300	22.680	0.044092	2.2086	2.4480	17.029	30.810	61.610	984.33	-0.16028	58.630	0.13454	liquid
152.00	5.4400	22.681	0.044089	2.2083	2.4481	17.026	30.811	61.602	984.51	-0.16049	58.641	0.13456	liquid
152.00	5.4500	22.682	0.044087	2.2079	2.4482	17.024	30.811	61.595	984.69	-0.16071	58.652	0.13457	liquid
152.00	5.4600	22.684	0.044084	2.2076	2.4483	17.022	30.811	61.587	984.87	-0.16093	58.663	0.13459	liquid
152.00	5.4700	22.685	0.044082	2.2073	2.4484	17.020	30.812	61.580	985.05	-0.16115	58.674	0.13461	liquid
152.00	5.4800	22.686	0.044079	2.2069	2.4485	17.017	30.812	61.572	985.23	-0.16137	58.686	0.13462	liquid
152.00	5.4900	22.688	0.044077	2.2066	2.4486	17.015	30.812	61.565	985.41	-0.16159	58.697	0.13464	liquid
152.00	5.5000	22.689	0.044074	2.2063	2.4487	17.013	30.812	61.557	985.59	-0.16181	58.708	0.13466	liquid
152.00	5.5100	22.690	0.044072	2.2060	2.4488	17.011	30.813	61.550	985.77	-0.16202	58.719	0.13467	liquid
152.00	5.5200	22.691	0.044070	2.2056	2.4489	17.009	30.813	61.542	985.95	-0.16224	58.730	0.13469	liquid
152.00	5.5300	22.693	0.044067	2.2053	2.4490	17.006	30.813	61.535	986.13	-0.16246	58.741	0.13471	liquid
152.00	5.5400	22.694	0.044065	2.2050	2.4491	17.004	30.814	61.527	986.30	-0.16268	58.752	0.13473	liquid
152.00	5.5500	22.695	0.044062	2.2046	2.4492	17.002	30.814	61.520	986.48	-0.16289	58.764	0.13474	liquid
152.00	5.5600	22.697	0.044060	2.2043	2.4493	17.000	30.814	61.513	986.66	-0.16311	58.775	0.13476	liquid
152.00	5.5700	22.698	0.044057	2.2040	2.4494	16.997	30.815	61.505	986.84	-0.16333	58.786	0.13478	liquid
152.00	5.5800	22.699	0.044055	2.2037	2.4495	16.995	30.815	61.498	987.02	-0.16354	58.797	0.13479	liquid
152.00	5.5900	22.700	0.044052	2.2033	2.4496	16.993	30.815	61.490	987.20	-0.16376	58.808	0.13481	liquid
152.00	5.6000	22.702	0.044050	2.2030	2.4497	16.991	30.816	61.483	987.38	-0.16397	58.819	0.13483	liquid
152.00	5.6100	22.703	0.044047	2.2027	2.4498	16.988	30.816	61.476	987.56	-0.16419	58.830	0.13484	liquid
152.00	5.6200	22.704	0.044045	2.2024	2.4499	16.986	30.816	61.468	987.73	-0.16441	58.841	0.13486	liquid
152.00	5.6300	22.705	0.044042	2.2020	2.4500	16.984	30.817	61.461	987.91	-0.16462	58.852	0.13488	liquid
152.00	5.6400	22.707	0.044040	2.2017	2.4501	16.982	30.817	61.453	988.09	-0.16484	58.864	0.13489	liquid
152.00	5.6500	22.708	0.044037	2.2014	2.4502	16.979	30.817	61.446	988.27	-0.16505	58.875	0.13491	liquid
152.00	5.6600	22.709	0.044035	2.2011	2.4503	16.977	30.818	61.439	988.45	-0.16526	58.886	0.13493	liquid
152.00	5.6700	22.711	0.044032	2.2007	2.4504	16.975	30.818	61.432	988.63	-0.16548	58.897	0.13494	liquid
152.00	5.6800	22.712	0.044030	2.2004	2.4505	16.973	30.818	61.424	988.80	-0.16569	58.908	0.13496	liquid
152.00	5.6900	22.713	0.044027	2.2001	2.4506	16.971	30.819	61.417	988.98	-0.16591	58.919	0.13498	liquid
152.00	5.7000	22.714	0.044025	2.1998	2.4507	16.968	30.819	61.410	989.16	-0.16612	58.930	0.13500	liquid
152.00	5.7100	22.716	0.044023	2.1994	2.4508	16.966	30.819	61.402	989.34	-0.16633	58.941	0.13501	liquid
152.00	5.7200	22.717	0.044020	2.1991	2.4509	16.964	30.819	61.395	989.51	-0.16655	58.952	0.13503	liquid
152.00	5.7300	22.718	0.044018	2.1988	2.4510	16.962	30.820	61.388	989.69	-0.16676	58.963	0.13505	liquid
152.00	5.7400	22.719	0.044015	2.1985	2.4511	16.959	30.820	61.380	989.87	-0.16697	58.974	0.13506	liquid
152.00	5.7500	22.721	0.044013	2.1981	2.4512	16.957	30.820	61.373	990.05	-0.16719	58.985	0.13508	liquid
152.00	5.7600	22.722	0.044010	2.1978	2.4513	16.955	30.821	61.366	990.22	-0.16740	58.996	0.13510	liquid
152.00	5.7700	22.723	0.044008	2.1975	2.4514	16.953	30.821	61.359	990.40	-0.16761	59.007	0.13511	liquid
152.00	5.7800	22.725	0.044005	2.1972	2.4515	16.951	30.821	61.351	990.58	-0.16782	59.019	0.13513	liquid
152.00	5.7900	22.726	0.044003	2.1969	2.4516	16.948	30.822	61.344	990.75	-0.16803	59.030	0.13515	liquid
152.00	5.8000	22.727	0.044000	2.1965	2.4517	16.946	30.822	61.337	990.93	-0.16825	59.041	0.13516	liquid
152.00	5.8100	22.728	0.043998	2.1962	2.4518	16.944	30.822	61.330	991.11	-0.16846	59.052	0.13518	liquid
152.00	5.8200	22.730	0.043996	2.1959	2.4519	16.942	30.823	61.323	991.29	-0.16867	59.063	0.13520	liquid
152.00	5.8300	22.731	0.043993	2.1956	2.4520	16.939	30.823	61.315	991.46	-0.16888	59.074	0.13521	liquid
152.00	5.8400	22.732	0.043991	2.1952	2.4521	16.937	30.823	61.308	991.64	-0.16909	59.085	0.13523	liquid
152.00	5.8500	22.733	0.043988	2.1949	2.4523	16.935	30.824	61.301	991.81	-0.16930	59.096	0.13525	liquid
152.00	5.8600	22.735	0.043986	2.1946	2.4524	16.933	30.824	61.294	991.99	-0.16951	59.107	0.13526	liquid
152.00	5.8700	22.736	0.043983	2.1943	2.4525	16.931	30.824	61.287	992.17	-0.16972	59.118	0.13528	liquid
152.00	5.8800	22.737	0.043981	2.1940	2.4526	16.928	30.825	61.280	992.34	-0.16993	59.129	0.13530	liquid
152.00	5.8900	22.738	0.043978	2.1936	2.4527	16.926	30.825	61.272	992.52	-0.17014	59.140	0.13531	liquid
152.00	5.9000	22.740	0.043976	2.1933	2.4528	16.924	30.825	61.265	992.70	-0.17035	59.151	0.13533	liquid
152.00	5.9100	22.741	0.043974	2.1930	2.4529	16.922	30.826	61.258	992.87	-0.17056	59.162	0.13535	liquid
152.00	5.9200	22.742	0.043971	2.1927	2.4530	16.920	30.826	61.251	993.05	-0.17077	59.173	0.13536	liquid
152.00	5.9300	22.743	0.043969	2.1924	2.4531	16.917	30.826	61.244	993.22	-0.17098	59.184	0.13538	liquid
152.00	5.9400	22.745	0.043966	2.1920	2.4532	16.915	30.827	61.237	993.40	-0.17119	59.195	0.13540	liquid
152.00	5.9500	22.746	0.043964	2.1917	2.4533	16.913	30.827	61.230	993.57	-0.17139	59.206	0.13541	liquid
152.00	5.9600	22.747	0.043961	2.1914	2.4534	16.911	30.827	61.223	993.75	-0.17160	59.217	0.13543	liquid
152.00	5.9700	22.748	0.043959	2.1911	2.4535	16.909	30.828	61.216	993.93	-0.17181	59.228	0.13545	liquid
152.00	5.9800	22.750	0.043957	2.1908	2.4536	16.906	30.828	61.208	994.10	-0.17202	59.239	0.13546	liquid
152.00	5.9900	22.751	0.043954	2.1904	2.4537	16.904	30.828	61.201	994.28	-0.17223	59.250	0.13548	liquid
152.00	6.0000	22.752	0.043952	2.1901	2.4538	16.902	30.829	61.194	994.45	-0.17243	59.261	0.13550	liquid
