Temperature (K)	Pressure (MPa)	Density (mol/l)	Volume (l/mol)	Internal Energy (kJ/mol)	Enthalpy (kJ/mol)	Entropy (J/mol*K)	Cv (J/mol*K)	Cp (J/mol*K)	Sound Spd. (m/s)	Joule-Thomson (K/MPa)	Viscosity (uPa*s)	Therm. Cond. (W/m*K)	Phase
210.00	0.010000	0.0057303	174.51	9.8283	11.573	114.30	25.300	33.632	380.17	8.5008	8.1566	0.023014	vapor
210.00	0.048317	0.027745	36.043	9.8210	11.562	101.17	25.319	33.722	379.73	8.5067	8.1636	0.023061	vapor
210.00	0.086633	0.049852	20.059	9.8136	11.551	96.282	25.338	33.813	379.30	8.5125	8.1705	0.023103	vapor
210.00	0.12495	0.072053	13.879	9.8062	11.540	93.202	25.358	33.904	378.86	8.5184	8.1775	0.023143	vapor
210.00	0.16327	0.094348	10.599	9.7988	11.529	90.942	25.378	33.997	378.42	8.5242	8.1846	0.023184	vapor
210.00	0.20158	0.11674	8.5662	9.7914	11.518	89.154	25.398	34.091	377.99	8.5299	8.1917	0.023224	vapor
210.00	0.23990	0.13923	7.1826	9.7839	11.507	87.671	25.418	34.186	377.55	8.5356	8.1990	0.023263	vapor
210.00	0.27822	0.16181	6.1801	9.7764	11.496	86.403	25.438	34.282	377.11	8.5413	8.2064	0.023303	vapor
210.00	0.31653	0.18449	5.4203	9.7688	11.485	85.294	25.459	34.379	376.67	8.5470	8.2139	0.023343	vapor
210.00	0.35485	0.20727	4.8245	9.7613	11.473	84.308	25.479	34.478	376.23	8.5526	8.2215	0.023384	vapor
210.00	0.39317	0.23016	4.3449	9.7537	11.462	83.419	25.500	34.577	375.79	8.5581	8.2292	0.023424	vapor
210.00	0.43148	0.25314	3.9504	9.7461	11.451	82.609	25.521	34.678	375.35	8.5636	8.2370	0.023465	vapor
210.00	0.46980	0.27623	3.6202	9.7384	11.439	81.865	25.542	34.780	374.91	8.5691	8.2449	0.023505	vapor
210.00	0.50812	0.29941	3.3398	9.7307	11.428	81.177	25.563	34.883	374.47	8.5746	8.2530	0.023547	vapor
210.00	0.54643	0.32271	3.0988	9.7230	11.416	80.535	25.585	34.987	374.03	8.5800	8.2611	0.023588	vapor
210.00	0.58475	0.34611	2.8893	9.7153	11.405	79.934	25.606	35.093	373.58	8.5853	8.2693	0.023630	vapor
210.00	0.62307	0.36962	2.7055	9.7075	11.393	79.369	25.628	35.200	373.14	8.5906	8.2777	0.023672	vapor
210.00	0.66138	0.39323	2.5430	9.6997	11.382	78.835	25.650	35.308	372.69	8.5959	8.2861	0.023714	vapor
210.00	0.69970	0.41696	2.3983	9.6918	11.370	78.329	25.672	35.418	372.25	8.6011	8.2947	0.023756	vapor
210.00	0.73802	0.44079	2.2686	9.6839	11.358	77.848	25.694	35.529	371.80	8.6063	8.3034	0.023799	vapor
210.00	0.77633	0.46474	2.1517	9.6760	11.346	77.389	25.717	35.641	371.35	8.6114	8.3122	0.023843	vapor
210.00	0.81465	0.48880	2.0458	9.6681	11.335	76.950	25.739	35.755	370.91	8.6165	8.3210	0.023886	vapor
210.00	0.85297	0.51297	1.9494	9.6601	11.323	76.530	25.762	35.870	370.46	8.6215	8.3300	0.023931	vapor
210.00	0.89128	0.53726	1.8613	9.6521	11.311	76.126	25.785	35.987	370.01	8.6264	8.3391	0.023975	vapor
210.00	0.92960	0.56167	1.7804	9.6440	11.299	75.737	25.808	36.105	369.56	8.6314	8.3483	0.024020	vapor
210.00	0.96792	0.58620	1.7059	9.6359	11.287	75.362	25.831	36.224	369.11	8.6362	8.3577	0.024065	vapor
210.00	1.0062	0.61084	1.6371	9.6278	11.275	75.000	25.854	36.345	368.66	8.6410	8.3671	0.024111	vapor
210.00	1.0446	0.63561	1.5733	9.6197	11.263	74.649	25.878	36.468	368.20	8.6458	8.3766	0.024157	vapor
210.00	1.0829	0.66049	1.5140	9.6115	11.251	74.310	25.901	36.592	367.75	8.6505	8.3863	0.024203	vapor
210.00	1.1212	0.68551	1.4588	9.6032	11.239	73.981	25.925	36.718	367.30	8.6551	8.3960	0.024250	vapor
210.00	1.1595	0.71064	1.4072	9.5950	11.227	73.662	25.949	36.845	366.84	8.6597	8.4059	0.024298	vapor
210.00	1.1978	0.73591	1.3589	9.5867	11.214	73.351	25.973	36.975	366.39	8.6643	8.4159	0.024345	vapor
210.00	1.2361	0.76130	1.3135	9.5783	11.202	73.049	25.998	37.105	365.93	8.6687	8.4260	0.024394	vapor
210.00	1.2745	0.78682	1.2709	9.5700	11.190	72.754	26.022	37.238	365.48	8.6731	8.4362	0.024442	vapor
210.00	1.3128	0.81247	1.2308	9.5615	11.177	72.467	26.047	37.372	365.02	8.6775	8.4465	0.024492	vapor
210.00	1.3511	0.83826	1.1929	9.5531	11.165	72.186	26.072	37.508	364.56	8.6817	8.4570	0.024541	vapor
210.00	1.3894	0.86418	1.1572	9.5446	11.152	71.913	26.097	37.646	364.10	8.6859	8.4676	0.024592	vapor
210.00	1.4277	0.89024	1.1233	9.5360	11.140	71.645	26.122	37.786	363.64	8.6901	8.4783	0.024643	vapor
210.00	1.4660	0.91643	1.0912	9.5275	11.127	71.383	26.148	37.928	363.19	8.6941	8.4891	0.024694	vapor
210.00	1.5043	0.94277	1.0607	9.5188	11.115	71.126	26.173	38.071	362.72	8.6981	8.5000	0.024746	vapor
210.00	1.5427	0.96924	1.0317	9.5102	11.102	70.875	26.199	38.217	362.26	8.7021	8.5111	0.024798	vapor
210.00	1.5810	0.99586	1.0042	9.5015	11.089	70.628	26.225	38.365	361.80	8.7059	8.5222	0.024851	vapor
210.00	1.6193	1.0226	0.97787	9.4927	11.076	70.386	26.251	38.514	361.34	8.7097	8.5336	0.024904	vapor
210.00	1.6576	1.0495	0.95280	9.4840	11.063	70.149	26.278	38.666	360.88	8.7134	8.5450	0.024959	vapor
210.00	1.6959	1.0766	0.92885	9.4751	11.050	69.916	26.304	38.820	360.41	8.7170	8.5566	0.025013	vapor
210.00	1.7342	1.1038	0.90595	9.4663	11.037	69.686	26.331	38.976	359.95	8.7206	8.5683	0.025068	vapor
210.00	1.7726	1.1312	0.88403	9.4573	11.024	69.461	26.358	39.134	359.48	8.7240	8.5801	0.025124	vapor
210.00	1.8109	1.1587	0.86304	9.4484	11.011	69.239	26.385	39.295	359.01	8.7274	8.5921	0.025181	vapor
210.00	1.8492	1.1864	0.84291	9.4394	10.998	69.021	26.412	39.458	358.55	8.7307	8.6042	0.025238	vapor
210.00	1.8875	1.2142	0.82358	9.4303	10.985	68.806	26.440	39.623	358.08	8.7339	8.6164	0.025296	vapor
210.00	1.9258	1.2422	0.80502	9.4212	10.972	68.594	26.467	39.791	357.61	8.7370	8.6288	0.025354	vapor
210.00	1.9641	1.2704	0.78718	9.4121	10.958	68.385	26.495	39.961	357.14	8.7400	8.6413	0.025413	vapor
210.00	2.0025	1.2987	0.77001	9.4029	10.945	68.179	26.523	40.133	356.67	8.7429	8.6540	0.025473	vapor
210.00	2.0408	1.3272	0.75348	9.3936	10.931	67.976	26.551	40.308	356.20	8.7457	8.6668	0.025534	vapor
210.00	2.0791	1.3558	0.73755	9.3843	10.918	67.775	26.580	40.486	355.73	8.7485	8.6797	0.025595	vapor
210.00	2.1174	1.3847	0.72219	9.3750	10.904	67.578	26.609	40.667	355.26	8.7511	8.6928	0.025657	vapor
210.00	2.1557	1.4137	0.70737	9.3656	10.890	67.382	26.637	40.850	354.79	8.7536	8.7061	0.025719	vapor
210.00	2.1940	1.4429	0.69306	9.3561	10.877	67.189	26.666	41.036	354.32	8.7560	8.7195	0.025783	vapor
210.00	2.2324	1.4722	0.67924	9.3466	10.863	66.998	26.696	41.225	353.84	8.7583	8.7331	0.025847	vapor
210.00	2.2707	1.5018	0.66587	9.3371	10.849	66.809	26.725	41.416	353.37	8.7605	8.7468	0.025912	vapor
210.00	2.3090	1.5315	0.65294	9.3275	10.835	66.623	26.755	41.611	352.89	8.7626	8.7607	0.025978	vapor
210.00	2.3473	1.5614	0.64043	9.3178	10.821	66.438	26.785	41.809	352.42	8.7646	8.7747	0.026045	vapor
210.00	2.3856	1.5916	0.62831	9.3081	10.807	66.255	26.815	42.010	351.94	8.7664	8.7889	0.026112	vapor
210.00	2.4239	1.6219	0.61657	9.2984	10.793	66.074	26.845	42.214	351.46	8.7681	8.8033	0.026180	vapor
210.00	2.4623	1.6524	0.60519	9.2886	10.779	65.895	26.876	42.422	350.99	8.7697	8.8179	0.026250	vapor
210.00	2.5006	1.6831	0.59415	9.2787	10.764	65.718	26.906	42.632	350.51	8.7712	8.8326	0.026320	vapor
210.00	2.5389	1.7140	0.58344	9.2688	10.750	65.542	26.937	42.846	350.03	8.7725	8.8475	0.026391	vapor
210.00	2.5772	1.7451	0.57304	9.2588	10.736	65.367	26.969	43.064	349.55	8.7737	8.8626	0.026463	vapor
210.00	2.6155	1.7764	0.56293	9.2487	10.721	65.195	27.000	43.285	349.07	8.7748	8.8779	0.026536	vapor
210.00	2.6538	1.8079	0.55312	9.2386	10.706	65.023	27.032	43.510	348.59	8.7757	8.8933	0.026610	vapor
210.00	2.6922	1.8397	0.54357	9.2284	10.692	64.853	27.063	43.739	348.11	8.7765	8.9089	0.026685	vapor
210.00	2.7305	1.8716	0.53429	9.2182	10.677	64.685	27.096	43.972	347.63	8.7771	8.9248	0.026761	vapor
210.00	2.7688	1.9038	0.52526	9.2079	10.662	64.518	27.128	44.208	347.15	8.7776	8.9408	0.026838	vapor
210.00	2.8071	1.9362	0.51647	9.1976	10.647	64.352	27.160	44.449	346.67	8.7779	8.9570	0.026916	vapor
210.00	2.8454	1.9689	0.50790	9.1871	10.632	64.187	27.193	44.693	346.19	8.7781	8.9734	0.026995	vapor
210.00	2.8837	2.0017	0.49956	9.1767	10.617	64.023	27.226	44.942	345.70	8.7781	8.9900	0.027075	vapor
210.00	2.9221	2.0349	0.49144	9.1661	10.602	63.861	27.260	45.196	345.22	8.7779	9.0069	0.027157	vapor
210.00	2.9604	2.0682	0.48351	9.1555	10.587	63.699	27.293	45.453	344.74	8.7776	9.0239	0.027239	vapor
210.00	2.9987	2.1018	0.47578	9.1448	10.572	63.538	27.327	45.716	344.25	8.7770	9.0412	0.027323	vapor
210.00	3.0370	2.1356	0.46824	9.1341	10.556	63.379	27.361	45.983	343.77	8.7763	9.0587	0.027408	vapor
210.00	3.0753	2.1697	0.46089	9.1232	10.541	63.220	27.395	46.255	343.28	8.7754	9.0764	0.027495	vapor
210.00	3.1136	2.2041	0.45370	9.1123	10.525	63.063	27.430	46.531	342.80	8.7744	9.0943	0.027582	vapor
210.00	3.1520	2.2387	0.44669	9.1014	10.509	62.906	27.465	46.813	342.31	8.7731	9.1125	0.027671	vapor
210.00	3.1903	2.2736	0.43984	9.0903	10.494	62.750	27.500	47.100	341.83	8.7716	9.1309	0.027761	vapor
210.00	3.2286	2.3087	0.43314	9.0792	10.478	62.594	27.535	47.393	341.34	8.7699	9.1495	0.027853	vapor
210.00	3.2669	2.3441	0.42660	9.0680	10.462	62.440	27.570	47.691	340.86	8.7680	9.1684	0.027946	vapor
210.00	3.3052	2.3798	0.42020	9.0568	10.446	62.286	27.606	47.994	340.37	8.7659	9.1876	0.028041	vapor
210.00	3.3435	2.4158	0.41394	9.0454	10.429	62.133	27.642	48.304	339.88	8.7636	9.2070	0.028137	vapor
210.00	3.3819	2.4521	0.40782	9.0340	10.413	61.981	27.679	48.619	339.40	8.7610	9.2267	0.028234	vapor
210.00	3.4202	2.4887	0.40182	9.0225	10.397	61.829	27.716	48.940	338.91	8.7582	9.2466	0.028333	vapor
210.00	3.4585	2.5255	0.39596	9.0109	10.380	61.678	27.753	49.268	338.42	8.7552	9.2668	0.028434	vapor
210.00	3.4968	2.5627	0.39021	8.9993	10.364	61.527	27.790	49.602	337.94	8.7519	9.2873	0.028536	vapor
210.00	3.5351	2.6002	0.38459	8.9875	10.347	61.377	27.827	49.943	337.45	8.7483	9.3081	0.028640	vapor
210.00	3.5734	2.6380	0.37908	8.9757	10.330	61.227	27.865	50.291	336.96	8.7445	9.3291	0.028746	vapor
210.00	3.6118	2.6761	0.37368	8.9637	10.313	61.078	27.903	50.646	336.48	8.7405	9.3505	0.028853	vapor
210.00	3.6501	2.7146	0.36838	8.9517	10.296	60.929	27.942	51.008	335.99	8.7361	9.3722	0.028963	vapor
210.00	3.6884	2.7534	0.36319	8.9396	10.279	60.781	27.981	51.378	335.50	8.7315	9.3942	0.029074	vapor
210.00	3.7267	2.7925	0.35810	8.9274	10.262	60.633	28.020	51.755	335.02	8.7266	9.4164	0.029187	vapor
210.00	3.7650	2.8320	0.35311	8.9151	10.245	60.485	28.059	52.140	334.53	8.7214	9.4391	0.029302	vapor
210.00	3.8033	2.8718	0.34821	8.9028	10.227	60.338	28.099	52.533	334.05	8.7158	9.4620	0.029419	vapor
210.00	3.8417	2.9120	0.34340	8.8903	10.210	60.191	28.139	52.935	333.56	8.7100	9.4853	0.029538	vapor
210.00	3.8800	2.9526	0.33869	8.8777	10.192	60.045	28.179	53.345	333.08	8.7038	9.5090	0.029659	vapor
210.00	3.9183	2.9935	0.33405	8.8650	10.174	59.898	28.220	53.764	332.59	8.6974	9.5330	0.029783	vapor
210.00	3.9566	3.0349	0.32950	8.8522	10.156	59.752	28.261	54.193	332.11	8.6905	9.5573	0.029908	vapor
210.00	3.9949	3.0766	0.32504	8.8393	10.138	59.606	28.302	54.630	331.63	8.6834	9.5821	0.030036	vapor
210.00	4.0332	3.1187	0.32065	8.8264	10.120	59.460	28.344	55.078	331.14	8.6758	9.6072	0.030167	vapor
210.00	4.0716	3.1612	0.31633	8.8133	10.101	59.315	28.386	55.536	330.66	8.6679	9.6327	0.030299	vapor
210.00	4.1099	3.2042	0.31209	8.8000	10.083	59.169	28.428	56.004	330.18	8.6596	9.6586	0.030434	vapor
210.00	4.1482	3.2476	0.30792	8.7867	10.064	59.024	28.471	56.483	329.70	8.6510	9.6849	0.030572	vapor
210.00	4.1865	3.2914	0.30383	8.7733	10.045	58.879	28.514	56.973	329.22	8.6419	9.7117	0.030713	vapor
210.00	4.2248	3.3356	0.29980	8.7597	10.026	58.733	28.558	57.474	328.75	8.6324	9.7389	0.030856	vapor
210.00	4.2631	3.3803	0.29583	8.7461	10.007	58.588	28.602	57.987	328.27	8.6225	9.7665	0.031002	vapor
210.00	4.3015	3.4255	0.29193	8.7323	9.9880	58.443	28.646	58.512	327.79	8.6122	9.7946	0.031150	vapor
210.00	4.3398	3.4711	0.28809	8.7184	9.9686	58.298	28.690	59.050	327.32	8.6014	9.8231	0.031302	vapor
210.00	4.3781	3.5173	0.28431	8.7043	9.9491	58.152	28.736	59.601	326.85	8.5901	9.8522	0.031457	vapor
210.00	4.4164	3.5639	0.28059	8.6902	9.9294	58.007	28.781	60.165	326.38	8.5784	9.8817	0.031615	vapor
210.00	4.4547	3.6110	0.27693	8.6759	9.9095	57.862	28.827	60.743	325.91	8.5662	9.9117	0.031776	vapor
210.00	4.4930	3.6586	0.27333	8.6614	9.8895	57.716	28.873	61.335	325.44	8.5535	9.9423	0.031940	vapor
210.00	4.5314	3.7068	0.26977	8.6469	9.8693	57.570	28.920	61.943	324.97	8.5403	9.9733	0.032108	vapor
210.00	4.5697	3.7555	0.26627	8.6322	9.8490	57.425	28.967	62.565	324.51	8.5266	10.005	0.032279	vapor
210.00	4.6080	3.8048	0.26283	8.6173	9.8284	57.279	29.014	63.204	324.05	8.5123	10.037	0.032454	vapor
210.00	4.6080	3.8048	0.26283	8.6173	9.8284	57.279	29.014	63.204	324.05	8.5123	10.037	0.032454	supercritical
210.00	4.6080	3.8048	0.26283	8.6173	9.8284	57.279	29.014	63.204	324.05	8.5123	10.037	0.032454	supercritical
210.00	4.6463	3.8546	0.25943	8.6024	9.8077	57.132	29.062	63.858	323.59	8.4974	10.070	0.032633	supercritical
210.00	4.6846	3.9050	0.25608	8.5872	9.7869	56.986	29.110	64.530	323.13	8.4820	10.103	0.032815	supercritical
210.00	4.7229	3.9560	0.25278	8.5719	9.7658	56.839	29.159	65.219	322.68	8.4660	10.137	0.033001	supercritical
210.00	4.7613	4.0077	0.24952	8.5565	9.7445	56.692	29.208	65.927	322.23	8.4494	10.172	0.033192	supercritical
210.00	4.7996	4.0599	0.24631	8.5409	9.7231	56.545	29.258	66.653	321.78	8.4322	10.207	0.033386	supercritical
210.00	4.8379	4.1128	0.24315	8.5252	9.7015	56.397	29.308	67.398	321.33	8.4143	10.243	0.033585	supercritical
210.00	4.8762	4.1663	0.24002	8.5092	9.6796	56.249	29.358	68.164	320.89	8.3958	10.280	0.033788	supercritical
210.00	4.9145	4.2205	0.23694	8.4932	9.6576	56.101	29.409	68.950	320.45	8.3766	10.317	0.033996	supercritical
210.00	4.9528	4.2754	0.23390	8.4769	9.6354	55.952	29.461	69.758	320.01	8.3567	10.355	0.034209	supercritical
210.00	4.9912	4.3309	0.23090	8.4605	9.6129	55.803	29.513	70.588	319.58	8.3361	10.394	0.034426	supercritical
210.00	5.0295	4.3872	0.22793	8.4439	9.5903	55.653	29.565	71.441	319.16	8.3148	10.434	0.034648	supercritical
210.00	5.0678	4.4443	0.22501	8.4271	9.5674	55.503	29.618	72.318	318.73	8.2927	10.474	0.034876	supercritical
210.00	5.1061	4.5020	0.22212	8.4101	9.5443	55.352	29.671	73.219	318.31	8.2698	10.516	0.035108	supercritical
210.00	5.1444	4.5606	0.21927	8.3930	9.5210	55.201	29.725	74.146	317.90	8.2461	10.558	0.035346	supercritical
210.00	5.1827	4.6199	0.21645	8.3757	9.4975	55.049	29.779	75.099	317.49	8.2216	10.601	0.035590	supercritical
210.00	5.2211	4.6801	0.21367	8.3581	9.4737	54.896	29.834	76.080	317.09	8.1963	10.645	0.035839	supercritical
210.00	5.2594	4.7411	0.21092	8.3404	9.4497	54.743	29.889	77.088	316.69	8.1701	10.690	0.036094	supercritical
210.00	5.2977	4.8030	0.20821	8.3224	9.4254	54.589	29.944	78.126	316.30	8.1430	10.735	0.036356	supercritical
210.00	5.3360	4.8657	0.20552	8.3043	9.4009	54.435	30.000	79.194	315.92	8.1150	10.782	0.036623	supercritical
210.00	5.3743	4.9293	0.20287	8.2859	9.3762	54.280	30.057	80.292	315.54	8.0861	10.830	0.036897	supercritical
210.00	5.4126	4.9939	0.20025	8.2673	9.3512	54.124	30.113	81.423	315.17	8.0562	10.879	0.037177	supercritical
210.00	5.4510	5.0593	0.19765	8.2485	9.3259	53.968	30.171	82.586	314.81	8.0253	10.929	0.037465	supercritical
210.00	5.4893	5.1258	0.19509	8.2295	9.3004	53.810	30.228	83.783	314.45	7.9935	10.981	0.037759	supercritical
210.00	5.5276	5.1932	0.19256	8.2102	9.2746	53.652	30.287	85.016	314.11	7.9605	11.033	0.038060	supercritical
210.00	5.5659	5.2617	0.19005	8.1907	9.2485	53.493	30.345	86.284	313.77	7.9266	11.087	0.038368	supercritical
210.00	5.6042	5.3312	0.18757	8.1710	9.2222	53.333	30.404	87.589	313.45	7.8915	11.142	0.038684	supercritical
210.00	5.6425	5.4018	0.18512	8.1510	9.1955	53.172	30.463	88.932	313.13	7.8553	11.198	0.039007	supercritical
210.00	5.6809	5.4734	0.18270	8.1307	9.1686	53.010	30.523	90.313	312.82	7.8180	11.256	0.039338	supercritical
210.00	5.7192	5.5462	0.18030	8.1103	9.1414	52.848	30.583	91.734	312.53	7.7795	11.315	0.039677	supercritical
210.00	5.7575	5.6201	0.17793	8.0895	9.1139	52.684	30.643	93.196	312.25	7.7399	11.375	0.040024	supercritical
210.00	5.7958	5.6952	0.17559	8.0685	9.0862	52.520	30.703	94.699	311.98	7.6990	11.437	0.040380	supercritical
210.00	5.8341	5.7715	0.17326	8.0472	9.0581	52.354	30.764	96.243	311.72	7.6568	11.501	0.040743	supercritical
210.00	5.8724	5.8490	0.17097	8.0257	9.0297	52.188	30.824	97.830	311.48	7.6134	11.566	0.041115	supercritical
210.00	5.9108	5.9278	0.16870	8.0039	9.0010	52.020	30.885	99.460	311.26	7.5688	11.633	0.041495	supercritical
210.00	5.9491	6.0078	0.16645	7.9818	8.9720	51.851	30.946	101.13	311.05	7.5228	11.702	0.041884	supercritical
210.00	5.9874	6.0892	0.16423	7.9594	8.9427	51.682	31.007	102.85	310.86	7.4754	11.772	0.042282	supercritical
210.00	6.0257	6.1718	0.16203	7.9367	8.9131	51.511	31.067	104.61	310.69	7.4267	11.845	0.042688	supercritical
210.00	6.0640	6.2558	0.15985	7.9138	8.8832	51.339	31.128	106.41	310.53	7.3767	11.919	0.043103	supercritical
210.00	6.1023	6.3411	0.15770	7.8906	8.8529	51.166	31.189	108.26	310.40	7.3252	11.995	0.043526	supercritical
210.00	6.1407	6.4279	0.15557	7.8671	8.8224	50.992	31.249	110.14	310.29	7.2724	12.073	0.043958	supercritical
210.00	6.1790	6.5160	0.15347	7.8433	8.7915	50.817	31.308	112.07	310.20	7.2181	12.154	0.044399	supercritical
210.00	6.2173	6.6056	0.15139	7.8192	8.7604	50.641	31.368	114.03	310.14	7.1624	12.236	0.044847	supercritical
210.00	6.2556	6.6966	0.14933	7.7948	8.7290	50.464	31.426	116.03	310.10	7.1052	12.321	0.045304	supercritical
210.00	6.2939	6.7890	0.14730	7.7701	8.6972	50.285	31.484	118.07	310.10	7.0466	12.408	0.045768	supercritical
210.00	6.3322	6.8829	0.14529	7.7452	8.6652	50.106	31.542	120.13	310.12	6.9865	12.497	0.046240	supercritical
210.00	6.3706	6.9782	0.14330	7.7200	8.6329	49.926	31.598	122.23	310.17	6.9250	12.589	0.046720	supercritical
210.00	6.4089	7.0749	0.14134	7.6945	8.6003	49.745	31.653	124.34	310.26	6.8620	12.683	0.047205	supercritical
210.00	6.4472	7.1731	0.13941	7.6687	8.5675	49.563	31.707	126.48	310.38	6.7977	12.780	0.047697	supercritical
210.00	6.4855	7.2727	0.13750	7.6427	8.5345	49.381	31.760	128.62	310.54	6.7318	12.879	0.048195	supercritical
210.00	6.5238	7.3737	0.13562	7.6164	8.5012	49.197	31.811	130.78	310.73	6.6646	12.981	0.048698	supercritical
210.00	6.5621	7.4761	0.13376	7.5899	8.4677	49.013	31.861	132.93	310.97	6.5960	13.086	0.049204	supercritical
210.00	6.6005	7.5798	0.13193	7.5632	8.4340	48.828	31.908	135.08	311.26	6.5261	13.193	0.049715	supercritical
210.00	6.6388	7.6848	0.13013	7.5362	8.4001	48.643	31.954	137.21	311.59	6.4549	13.303	0.050228	supercritical
210.00	6.6771	7.7910	0.12835	7.5091	8.3661	48.458	31.998	139.31	311.96	6.3823	13.415	0.050742	supercritical
210.00	6.7154	7.8984	0.12661	7.4818	8.3320	48.272	32.040	141.38	312.39	6.3086	13.530	0.051258	supercritical
210.00	6.7537	8.0070	0.12489	7.4543	8.2978	48.086	32.079	143.40	312.87	6.2337	13.648	0.051773	supercritical
210.00	6.7920	8.1166	0.12320	7.4267	8.2635	47.900	32.115	145.37	313.41	6.1577	13.769	0.052286	supercritical
210.00	6.8304	8.2271	0.12155	7.3990	8.2292	47.715	32.149	147.27	314.00	6.0806	13.892	0.052798	supercritical
210.00	6.8687	8.3385	0.11993	7.3712	8.1949	47.529	32.181	149.09	314.65	6.0026	14.018	0.053305	supercritical
210.00	6.9070	8.4506	0.11834	7.3433	8.1606	47.344	32.209	150.82	315.37	5.9237	14.146	0.053809	supercritical
210.00	6.9453	8.5633	0.11678	7.3154	8.1264	47.160	32.234	152.44	316.14	5.8440	14.277	0.054306	supercritical
210.00	6.9836	8.6766	0.11525	7.2875	8.0924	46.977	32.256	153.96	316.98	5.7636	14.410	0.054796	supercritical
210.00	7.0219	8.7902	0.11376	7.2596	8.0585	46.794	32.275	155.35	317.89	5.6826	14.545	0.055279	supercritical
210.00	7.0603	8.9040	0.11231	7.2318	8.0247	46.613	32.291	156.61	318.86	5.6012	14.682	0.055753	supercritical
210.00	7.0986	9.0180	0.11089	7.2041	7.9912	46.433	32.303	157.73	319.90	5.5194	14.822	0.056217	supercritical
210.00	7.1369	9.1319	0.10951	7.1765	7.9580	46.255	32.311	158.70	321.01	5.4374	14.963	0.056671	supercritical
210.00	7.1752	9.2456	0.10816	7.1491	7.9251	46.078	32.317	159.52	322.19	5.3553	15.106	0.057114	supercritical
210.00	7.2135	9.3590	0.10685	7.1218	7.8926	45.904	32.318	160.19	323.43	5.2732	15.250	0.057545	supercritical
210.00	7.2518	9.4719	0.10558	7.0948	7.8604	45.731	32.316	160.70	324.74	5.1913	15.396	0.057964	supercritical
210.00	7.2902	9.5842	0.10434	7.0680	7.8287	45.561	32.311	161.05	326.12	5.1097	15.543	0.058371	supercritical
210.00	7.3285	9.6958	0.10314	7.0415	7.7974	45.393	32.302	161.25	327.57	5.0284	15.690	0.058766	supercritical
210.00	7.3668	9.8064	0.10197	7.0153	7.7665	45.227	32.291	161.31	329.07	4.9477	15.839	0.059148	supercritical
210.00	7.4051	9.9161	0.10085	6.9894	7.7362	45.064	32.275	161.21	330.64	4.8676	15.988	0.059519	supercritical
210.00	7.4434	10.025	0.099754	6.9639	7.7064	44.904	32.257	160.98	332.27	4.7883	16.137	0.059877	supercritical
210.00	7.4817	10.132	0.098698	6.9387	7.6771	44.747	32.237	160.62	333.96	4.7098	16.287	0.060224	supercritical
210.00	7.5201	10.238	0.097675	6.9139	7.6484	44.592	32.213	160.14	335.70	4.6323	16.437	0.060560	supercritical
210.00	7.5584	10.343	0.096687	6.8895	7.6203	44.440	32.188	159.54	337.50	4.5557	16.586	0.060885	supercritical
210.00	7.5967	10.446	0.095732	6.8655	7.5927	44.292	32.160	158.85	339.34	4.4802	16.736	0.061200	supercritical
210.00	7.6350	10.548	0.094809	6.8419	7.5658	44.146	32.130	158.06	341.23	4.4059	16.884	0.061505	supercritical
210.00	7.6733	10.648	0.093918	6.8187	7.5394	44.003	32.098	157.19	343.17	4.3328	17.033	0.061801	supercritical
210.00	7.7116	10.746	0.093057	6.7959	7.5136	43.863	32.065	156.24	345.14	4.2609	17.181	0.062088	supercritical
210.00	7.7500	10.843	0.092225	6.7736	7.4883	43.726	32.031	155.23	347.15	4.1903	17.328	0.062367	supercritical
210.00	7.7883	10.938	0.091422	6.7517	7.4637	43.592	31.996	154.16	349.19	4.1210	17.474	0.062639	supercritical
210.00	7.8266	11.032	0.090647	6.7302	7.4397	43.461	31.960	153.05	351.27	4.0531	17.619	0.062903	supercritical
210.00	7.8649	11.124	0.089899	6.7091	7.4162	43.332	31.924	151.90	353.37	3.9865	17.763	0.063160	supercritical
210.00	7.9032	11.214	0.089176	6.6885	7.3933	43.207	31.887	150.71	355.49	3.9213	17.906	0.063411	supercritical
210.00	7.9415	11.302	0.088478	6.6682	7.3709	43.084	31.849	149.50	357.64	3.8574	18.047	0.063657	supercritical
210.00	7.9799	11.389	0.087803	6.6484	7.3491	42.964	31.812	148.27	359.80	3.7949	18.188	0.063897	supercritical
210.00	8.0182	11.474	0.087152	6.6290	7.3278	42.847	31.774	147.02	361.98	3.7338	18.327	0.064131	supercritical
210.00	8.0565	11.558	0.086522	6.6099	7.3070	42.732	31.737	145.76	364.17	3.6740	18.465	0.064362	supercritical
210.00	8.0948	11.640	0.085913	6.5913	7.2867	42.620	31.700	144.50	366.38	3.6156	18.602	0.064587	supercritical
210.00	8.1331	11.720	0.085324	6.5730	7.2669	42.510	31.663	143.24	368.59	3.5585	18.737	0.064809	supercritical
210.00	8.1714	11.799	0.084755	6.5551	7.2476	42.403	31.626	141.98	370.80	3.5027	18.871	0.065027	supercritical
210.00	8.2098	11.876	0.084203	6.5375	7.2288	42.298	31.590	140.73	373.03	3.4482	19.003	0.065242	supercritical
210.00	8.2481	11.952	0.083670	6.5203	7.2105	42.195	31.554	139.48	375.25	3.3950	19.134	0.065453	supercritical
210.00	8.2864	12.026	0.083153	6.5035	7.1925	42.094	31.519	138.25	377.48	3.3430	19.264	0.065661	supercritical
210.00	8.3247	12.099	0.082653	6.4870	7.1750	41.996	31.484	137.03	379.70	3.2922	19.392	0.065866	supercritical
210.00	8.3630	12.170	0.082168	6.4708	7.1580	41.899	31.450	135.82	381.93	3.2426	19.519	0.066069	supercritical
210.00	8.4013	12.240	0.081698	6.4549	7.1413	41.805	31.416	134.63	384.15	3.1942	19.645	0.066269	supercritical
210.00	8.4397	12.309	0.081242	6.4393	7.1250	41.713	31.383	133.45	386.37	3.1469	19.769	0.066466	supercritical
210.00	8.4780	12.376	0.080800	6.4241	7.1091	41.622	31.350	132.29	388.59	3.1007	19.891	0.066661	supercritical
210.00	8.5163	12.442	0.080370	6.4091	7.0936	41.534	31.318	131.16	390.80	3.0556	20.013	0.066855	supercritical
210.00	8.5546	12.507	0.079953	6.3944	7.0784	41.447	31.287	130.04	393.00	3.0115	20.133	0.067046	supercritical
210.00	8.5929	12.571	0.079548	6.3800	7.0635	41.361	31.256	128.93	395.20	2.9684	20.251	0.067235	supercritical
210.00	8.6312	12.633	0.079155	6.3658	7.0490	41.278	31.226	127.85	397.39	2.9264	20.369	0.067422	supercritical
210.00	8.6696	12.695	0.078772	6.3519	7.0349	41.196	31.196	126.79	399.57	2.8853	20.485	0.067608	supercritical
210.00	8.7079	12.755	0.078400	6.3383	7.0210	41.116	31.167	125.75	401.75	2.8451	20.600	0.067792	supercritical
210.00	8.7462	12.814	0.078038	6.3249	7.0075	41.037	31.138	124.73	403.91	2.8058	20.713	0.067974	supercritical
210.00	8.7845	12.872	0.077686	6.3118	6.9942	40.959	31.110	123.73	406.07	2.7674	20.826	0.068155	supercritical
210.00	8.8228	12.929	0.077343	6.2988	6.9812	40.883	31.082	122.75	408.22	2.7299	20.937	0.068334	supercritical
210.00	8.8612	12.986	0.077008	6.2861	6.9685	40.809	31.055	121.79	410.36	2.6932	21.046	0.068512	supercritical
210.00	8.8995	13.041	0.076683	6.2736	6.9561	40.736	31.029	120.85	412.49	2.6573	21.155	0.068689	supercritical
210.00	8.9378	13.095	0.076365	6.2614	6.9439	40.664	31.003	119.93	414.62	2.6222	21.263	0.068864	supercritical
210.00	8.9761	13.148	0.076056	6.2493	6.9320	40.593	30.977	119.03	416.73	2.5878	21.369	0.069037	supercritical
210.00	9.0144	13.201	0.075754	6.2374	6.9203	40.524	30.952	118.14	418.83	2.5542	21.475	0.069210	supercritical
210.00	9.0527	13.252	0.075459	6.2257	6.9088	40.455	30.928	117.28	420.92	2.5213	21.579	0.069381	supercritical
210.00	9.0911	13.303	0.075172	6.2142	6.8976	40.388	30.904	116.43	423.00	2.4891	21.682	0.069551	supercritical
210.00	9.1294	13.353	0.074891	6.2029	6.8866	40.322	30.880	115.60	425.07	2.4575	21.784	0.069720	supercritical
210.00	9.1677	13.402	0.074617	6.1918	6.8758	40.257	30.857	114.79	427.13	2.4266	21.885	0.069888	supercritical
210.00	9.2060	13.450	0.074349	6.1808	6.8653	40.193	30.834	113.99	429.18	2.3964	21.985	0.070055	supercritical
210.00	9.2443	13.498	0.074087	6.1700	6.8549	40.130	30.812	113.21	431.22	2.3667	22.084	0.070220	supercritical
210.00	9.2826	13.545	0.073830	6.1594	6.8447	40.068	30.790	112.45	433.25	2.3377	22.182	0.070385	supercritical
210.00	9.3210	13.591	0.073580	6.1489	6.8348	40.007	30.769	111.70	435.27	2.3092	22.279	0.070548	supercritical
210.00	9.3593	13.636	0.073335	6.1386	6.8250	39.947	30.748	110.97	437.28	2.2813	22.375	0.070711	supercritical
210.00	9.3976	13.681	0.073095	6.1284	6.8154	39.888	30.727	110.26	439.27	2.2539	22.471	0.070872	supercritical
210.00	9.4359	13.725	0.072860	6.1184	6.8059	39.830	30.707	109.55	441.26	2.2271	22.565	0.071033	supercritical
210.00	9.4742	13.768	0.072630	6.1086	6.7967	39.773	30.687	108.87	443.24	2.2008	22.658	0.071192	supercritical
210.00	9.5125	13.811	0.072405	6.0988	6.7876	39.716	30.668	108.19	445.20	2.1750	22.751	0.071351	supercritical
210.00	9.5509	13.853	0.072184	6.0892	6.7786	39.660	30.649	107.54	447.16	2.1497	22.843	0.071508	supercritical
210.00	9.5892	13.895	0.071968	6.0797	6.7699	39.605	30.630	106.89	449.10	2.1248	22.934	0.071665	supercritical
210.00	9.6275	13.936	0.071756	6.0704	6.7612	39.551	30.612	106.26	451.04	2.1005	23.024	0.071821	supercritical
210.00	9.6658	13.977	0.071549	6.0612	6.7527	39.498	30.594	105.64	452.96	2.0765	23.113	0.071975	supercritical
210.00	9.7041	14.016	0.071345	6.0521	6.7444	39.445	30.576	105.03	454.88	2.0530	23.201	0.072129	supercritical
210.00	9.7424	14.056	0.071145	6.0431	6.7362	39.393	30.559	104.43	456.78	2.0300	23.289	0.072282	supercritical
210.00	9.7808	14.095	0.070949	6.0342	6.7282	39.342	30.542	103.85	458.67	2.0073	23.376	0.072435	supercritical
210.00	9.8191	14.133	0.070756	6.0255	6.7202	39.291	30.525	103.28	460.56	1.9851	23.462	0.072586	supercritical
210.00	9.8574	14.171	0.070567	6.0168	6.7125	39.241	30.509	102.72	462.43	1.9632	23.548	0.072736	supercritical
210.00	9.8957	14.208	0.070382	6.0083	6.7048	39.192	30.493	102.17	464.29	1.9418	23.632	0.072886	supercritical
210.00	9.9340	14.245	0.070199	5.9999	6.6972	39.143	30.477	101.63	466.15	1.9207	23.716	0.073035	supercritical
210.00	9.9723	14.282	0.070020	5.9916	6.6898	39.095	30.461	101.10	467.99	1.8999	23.800	0.073183	supercritical
210.00	10.011	14.318	0.069844	5.9833	6.6825	39.047	30.446	100.58	469.82	1.8796	23.882	0.073330	supercritical
210.00	10.049	14.353	0.069672	5.9752	6.6753	39.000	30.431	100.07	471.65	1.8595	23.964	0.073476	supercritical
210.00	10.087	14.388	0.069502	5.9672	6.6683	38.954	30.416	99.570	473.46	1.8398	24.046	0.073622	supercritical
210.00	10.126	14.423	0.069335	5.9592	6.6613	38.908	30.402	99.079	475.26	1.8205	24.126	0.073767	supercritical
210.00	10.164	14.457	0.069170	5.9514	6.6544	38.863	30.388	98.598	477.06	1.8014	24.206	0.073911	supercritical
210.00	10.202	14.491	0.069009	5.9436	6.6477	38.818	30.374	98.126	478.84	1.7827	24.286	0.074054	supercritical
210.00	10.241	14.524	0.068850	5.9360	6.6410	38.774	30.360	97.662	480.62	1.7643	24.365	0.074197	supercritical
210.00	10.279	14.557	0.068693	5.9284	6.6345	38.730	30.347	97.207	482.39	1.7462	24.443	0.074339	supercritical
210.00	10.317	14.590	0.068539	5.9209	6.6280	38.687	30.334	96.760	484.14	1.7283	24.520	0.074480	supercritical
210.00	10.356	14.622	0.068388	5.9135	6.6217	38.644	30.321	96.321	485.89	1.7108	24.597	0.074621	supercritical
210.00	10.394	14.654	0.068239	5.9061	6.6154	38.602	30.308	95.889	487.63	1.6935	24.674	0.074760	supercritical
210.00	10.432	14.686	0.068092	5.8989	6.6092	38.560	30.295	95.466	489.36	1.6765	24.750	0.074899	supercritical
210.00	10.470	14.717	0.067947	5.8917	6.6031	38.518	30.283	95.050	491.08	1.6597	24.825	0.075038	supercritical
210.00	10.509	14.748	0.067805	5.8846	6.5971	38.477	30.271	94.641	492.79	1.6433	24.900	0.075175	supercritical
210.00	10.547	14.779	0.067665	5.8776	6.5912	38.437	30.259	94.239	494.49	1.6270	24.974	0.075312	supercritical
210.00	10.585	14.809	0.067526	5.8706	6.5854	38.397	30.247	93.844	496.19	1.6110	25.048	0.075449	supercritical
210.00	10.624	14.839	0.067390	5.8637	6.5796	38.357	30.236	93.456	497.87	1.5953	25.121	0.075584	supercritical
210.00	10.662	14.869	0.067256	5.8569	6.5740	38.318	30.225	93.075	499.55	1.5798	25.194	0.075719	supercritical
210.00	10.700	14.898	0.067123	5.8501	6.5684	38.279	30.214	92.700	501.22	1.5645	25.266	0.075853	supercritical
210.00	10.739	14.927	0.066993	5.8434	6.5628	38.240	30.203	92.331	502.88	1.5494	25.338	0.075987	supercritical
210.00	10.777	14.956	0.066864	5.8368	6.5574	38.202	30.192	91.968	504.53	1.5346	25.409	0.076120	supercritical
210.00	10.815	14.984	0.066737	5.8302	6.5520	38.164	30.181	91.612	506.17	1.5200	25.480	0.076253	supercritical
210.00	10.854	15.012	0.066612	5.8237	6.5467	38.127	30.171	91.261	507.81	1.5056	25.550	0.076384	supercritical
210.00	10.892	15.040	0.066489	5.8173	6.5415	38.090	30.161	90.916	509.43	1.4914	25.620	0.076516	supercritical
210.00	10.930	15.068	0.066367	5.8109	6.5363	38.053	30.151	90.576	511.05	1.4774	25.690	0.076646	supercritical
210.00	10.969	15.095	0.066247	5.8046	6.5312	38.017	30.141	90.242	512.66	1.4636	25.759	0.076776	supercritical
210.00	11.007	15.122	0.066128	5.7983	6.5262	37.981	30.131	89.913	514.26	1.4500	25.827	0.076906	supercritical
210.00	11.045	15.149	0.066011	5.7921	6.5212	37.945	30.122	89.590	515.86	1.4365	25.895	0.077034	supercritical
210.00	11.084	15.176	0.065895	5.7860	6.5164	37.910	30.112	89.271	517.45	1.4233	25.963	0.077163	supercritical
210.00	11.122	15.202	0.065781	5.7799	6.5115	37.875	30.103	88.958	519.02	1.4102	26.030	0.077290	supercritical
210.00	11.160	15.228	0.065669	5.7739	6.5067	37.840	30.094	88.649	520.60	1.3974	26.097	0.077417	supercritical
210.00	11.198	15.254	0.065557	5.7679	6.5020	37.806	30.085	88.345	522.16	1.3846	26.163	0.077544	supercritical
210.00	11.237	15.279	0.065448	5.7619	6.4974	37.772	30.076	88.046	523.72	1.3721	26.230	0.077670	supercritical
210.00	11.275	15.305	0.065339	5.7561	6.4928	37.738	30.068	87.751	525.26	1.3597	26.295	0.077795	supercritical
210.00	11.313	15.330	0.065232	5.7502	6.4882	37.704	30.059	87.461	526.80	1.3475	26.360	0.077920	supercritical
210.00	11.352	15.355	0.065126	5.7444	6.4837	37.671	30.051	87.175	528.34	1.3355	26.425	0.078044	supercritical
210.00	11.390	15.380	0.065021	5.7387	6.4793	37.638	30.042	86.893	529.87	1.3236	26.490	0.078168	supercritical
210.00	11.428	15.404	0.064918	5.7330	6.4749	37.605	30.034	86.615	531.38	1.3119	26.554	0.078291	supercritical
210.00	11.467	15.428	0.064816	5.7274	6.4706	37.573	30.026	86.342	532.90	1.3003	26.618	0.078414	supercritical
210.00	11.505	15.452	0.064715	5.7218	6.4663	37.541	30.019	86.072	534.40	1.2888	26.681	0.078536	supercritical
210.00	11.543	15.476	0.064615	5.7162	6.4621	37.509	30.011	85.807	535.90	1.2775	26.744	0.078658	supercritical
210.00	11.582	15.500	0.064516	5.7107	6.4579	37.477	30.003	85.545	537.39	1.2664	26.807	0.078779	supercritical
210.00	11.620	15.523	0.064419	5.7052	6.4538	37.446	29.996	85.286	538.88	1.2554	26.869	0.078900	supercritical
210.00	11.658	15.547	0.064322	5.6998	6.4497	37.414	29.988	85.032	540.35	1.2445	26.931	0.079020	supercritical
210.00	11.697	15.570	0.064227	5.6944	6.4457	37.383	29.981	84.781	541.83	1.2338	26.993	0.079140	supercritical
210.00	11.735	15.593	0.064132	5.6891	6.4417	37.353	29.974	84.534	543.29	1.2232	27.055	0.079259	supercritical
210.00	11.773	15.616	0.064039	5.6838	6.4377	37.322	29.967	84.290	544.75	1.2127	27.116	0.079378	supercritical
210.00	11.812	15.638	0.063947	5.6785	6.4339	37.292	29.960	84.049	546.20	1.2023	27.176	0.079496	supercritical
210.00	11.850	15.660	0.063855	5.6733	6.4300	37.262	29.953	83.812	547.64	1.1921	27.237	0.079614	supercritical
210.00	11.888	15.683	0.063765	5.6682	6.4262	37.232	29.947	83.577	549.08	1.1820	27.297	0.079731	supercritical
210.00	11.926	15.705	0.063675	5.6630	6.4224	37.203	29.940	83.346	550.51	1.1720	27.357	0.079848	supercritical
210.00	11.965	15.727	0.063587	5.6579	6.4187	37.173	29.933	83.118	551.94	1.1621	27.416	0.079964	supercritical
210.00	12.003	15.748	0.063499	5.6528	6.4150	37.144	29.927	82.894	553.36	1.1524	27.475	0.080080	supercritical
210.00	12.041	15.770	0.063413	5.6478	6.4114	37.115	29.921	82.672	554.77	1.1427	27.534	0.080196	supercritical
210.00	12.080	15.791	0.063327	5.6428	6.4078	37.087	29.915	82.453	556.18	1.1332	27.593	0.080311	supercritical
210.00	12.118	15.812	0.063242	5.6379	6.4042	37.058	29.909	82.237	557.58	1.1238	27.651	0.080425	supercritical
210.00	12.156	15.833	0.063158	5.6329	6.4007	37.030	29.903	82.023	558.97	1.1145	27.709	0.080540	supercritical
210.00	12.195	15.854	0.063075	5.6280	6.3972	37.002	29.897	81.813	560.36	1.1053	27.767	0.080653	supercritical
210.00	12.233	15.875	0.062992	5.6232	6.3938	36.974	29.891	81.605	561.74	1.0962	27.824	0.080767	supercritical
210.00	12.271	15.896	0.062911	5.6184	6.3904	36.946	29.885	81.399	563.12	1.0872	27.882	0.080880	supercritical
210.00	12.310	15.916	0.062830	5.6136	6.3870	36.919	29.879	81.197	564.49	1.0783	27.939	0.080992	supercritical
210.00	12.348	15.936	0.062750	5.6088	6.3837	36.891	29.874	80.996	565.86	1.0695	27.995	0.081104	supercritical
210.00	12.386	15.956	0.062671	5.6041	6.3804	36.864	29.868	80.799	567.22	1.0607	28.052	0.081216	supercritical
210.00	12.425	15.976	0.062592	5.5994	6.3771	36.837	29.863	80.604	568.57	1.0521	28.108	0.081327	supercritical
210.00	12.463	15.996	0.062514	5.5947	6.3739	36.810	29.858	80.411	569.92	1.0436	28.164	0.081438	supercritical
210.00	12.501	16.016	0.062437	5.5901	6.3707	36.784	29.853	80.220	571.26	1.0352	28.219	0.081548	supercritical
210.00	12.540	16.036	0.062361	5.5855	6.3675	36.757	29.847	80.032	572.60	1.0269	28.275	0.081658	supercritical
210.00	12.578	16.055	0.062285	5.5809	6.3644	36.731	29.842	79.846	573.93	1.0186	28.330	0.081768	supercritical
210.00	12.616	16.074	0.062210	5.5764	6.3613	36.705	29.837	79.662	575.26	1.0105	28.385	0.081877	supercritical
210.00	12.655	16.094	0.062136	5.5719	6.3582	36.679	29.833	79.481	576.58	1.0024	28.439	0.081986	supercritical
210.00	12.693	16.113	0.062063	5.5674	6.3552	36.653	29.828	79.301	577.89	0.99439	28.494	0.082094	supercritical
210.00	12.731	16.132	0.061990	5.5630	6.3522	36.627	29.823	79.124	579.20	0.98649	28.548	0.082203	supercritical
210.00	12.769	16.151	0.061917	5.5585	6.3492	36.602	29.818	78.949	580.51	0.97866	28.602	0.082310	supercritical
210.00	12.808	16.169	0.061846	5.5541	6.3462	36.577	29.814	78.776	581.81	0.97092	28.656	0.082418	supercritical
210.00	12.846	16.188	0.061775	5.5498	6.3433	36.552	29.809	78.605	583.10	0.96326	28.709	0.082525	supercritical
210.00	12.884	16.206	0.061704	5.5454	6.3404	36.527	29.805	78.436	584.39	0.95567	28.762	0.082631	supercritical
210.00	12.923	16.225	0.061635	5.5411	6.3376	36.502	29.800	78.268	585.68	0.94817	28.815	0.082738	supercritical
210.00	12.961	16.243	0.061566	5.5368	6.3347	36.477	29.796	78.103	586.96	0.94073	28.868	0.082843	supercritical
210.00	12.999	16.261	0.061497	5.5325	6.3319	36.452	29.792	77.939	588.23	0.93337	28.921	0.082949	supercritical
210.00	13.038	16.279	0.061429	5.5283	6.3292	36.428	29.787	77.778	589.50	0.92609	28.973	0.083054	supercritical
210.00	13.076	16.297	0.061362	5.5241	6.3264	36.404	29.783	77.618	590.77	0.91888	29.025	0.083159	supercritical
210.00	13.114	16.315	0.061295	5.5199	6.3237	36.380	29.779	77.460	592.03	0.91173	29.077	0.083264	supercritical
210.00	13.153	16.332	0.061228	5.5157	6.3210	36.356	29.775	77.303	593.28	0.90466	29.129	0.083368	supercritical
210.00	13.191	16.350	0.061163	5.5116	6.3183	36.332	29.771	77.148	594.53	0.89766	29.181	0.083471	supercritical
210.00	13.229	16.367	0.061097	5.5074	6.3157	36.308	29.767	76.995	595.78	0.89072	29.232	0.083575	supercritical
210.00	13.268	16.385	0.061033	5.5033	6.3131	36.284	29.764	76.844	597.02	0.88385	29.283	0.083678	supercritical
210.00	13.306	16.402	0.060968	5.4993	6.3105	36.261	29.760	76.694	598.26	0.87705	29.334	0.083781	supercritical
210.00	13.344	16.419	0.060905	5.4952	6.3079	36.238	29.756	76.546	599.49	0.87031	29.385	0.083883	supercritical
210.00	13.383	16.436	0.060842	5.4912	6.3054	36.214	29.752	76.400	600.72	0.86364	29.435	0.083986	supercritical
210.00	13.421	16.453	0.060779	5.4872	6.3029	36.191	29.749	76.254	601.94	0.85702	29.486	0.084087	supercritical
210.00	13.459	16.470	0.060717	5.4832	6.3004	36.168	29.745	76.111	603.16	0.85047	29.536	0.084189	supercritical
210.00	13.497	16.487	0.060655	5.4792	6.2979	36.146	29.742	75.969	604.37	0.84399	29.586	0.084290	supercritical
210.00	13.536	16.503	0.060594	5.4753	6.2955	36.123	29.738	75.828	605.58	0.83756	29.636	0.084391	supercritical
210.00	13.574	16.520	0.060533	5.4714	6.2930	36.100	29.735	75.689	606.79	0.83119	29.685	0.084492	supercritical
210.00	13.612	16.536	0.060473	5.4675	6.2906	36.078	29.732	75.552	607.99	0.82488	29.735	0.084592	supercritical
210.00	13.651	16.553	0.060413	5.4636	6.2883	36.055	29.728	75.415	609.18	0.81862	29.784	0.084692	supercritical
210.00	13.689	16.569	0.060354	5.4597	6.2859	36.033	29.725	75.280	610.38	0.81243	29.833	0.084791	supercritical
210.00	13.727	16.585	0.060295	5.4559	6.2836	36.011	29.722	75.147	611.56	0.80629	29.882	0.084891	supercritical
210.00	13.766	16.601	0.060236	5.4521	6.2813	35.989	29.719	75.015	612.75	0.80020	29.931	0.084990	supercritical
210.00	13.804	16.617	0.060178	5.4483	6.2790	35.967	29.716	74.884	613.93	0.79417	29.979	0.085089	supercritical
210.00	13.842	16.633	0.060121	5.4445	6.2767	35.945	29.713	74.754	615.10	0.78819	30.027	0.085187	supercritical
210.00	13.881	16.649	0.060063	5.4407	6.2745	35.924	29.710	74.626	616.27	0.78227	30.076	0.085285	supercritical
210.00	13.919	16.665	0.060007	5.4370	6.2722	35.902	29.707	74.499	617.44	0.77640	30.124	0.085383	supercritical
210.00	13.957	16.680	0.059950	5.4333	6.2700	35.881	29.704	74.373	618.61	0.77057	30.172	0.085481	supercritical
210.00	13.996	16.696	0.059894	5.4296	6.2678	35.859	29.701	74.248	619.76	0.76480	30.219	0.085578	supercritical
210.00	14.034	16.712	0.059839	5.4259	6.2657	35.838	29.698	74.125	620.92	0.75908	30.267	0.085675	supercritical
210.00	14.072	16.727	0.059784	5.4223	6.2635	35.817	29.695	74.002	622.07	0.75341	30.314	0.085772	supercritical
210.00	14.111	16.742	0.059729	5.4186	6.2614	35.796	29.693	73.881	623.22	0.74779	30.361	0.085868	supercritical
210.00	14.149	16.758	0.059674	5.4150	6.2593	35.775	29.690	73.761	624.36	0.74222	30.408	0.085965	supercritical
210.00	14.187	16.773	0.059620	5.4114	6.2572	35.754	29.687	73.642	625.50	0.73669	30.455	0.086060	supercritical
210.00	14.225	16.788	0.059567	5.4078	6.2551	35.734	29.685	73.525	626.64	0.73121	30.502	0.086156	supercritical
210.00	14.264	16.803	0.059513	5.4042	6.2531	35.713	29.682	73.408	627.77	0.72578	30.549	0.086251	supercritical
210.00	14.302	16.818	0.059461	5.4007	6.2511	35.692	29.680	73.293	628.90	0.72039	30.595	0.086347	supercritical
210.00	14.340	16.833	0.059408	5.3971	6.2490	35.672	29.677	73.178	630.03	0.71504	30.641	0.086441	supercritical
210.00	14.379	16.848	0.059356	5.3936	6.2471	35.652	29.675	73.065	631.15	0.70974	30.688	0.086536	supercritical
210.00	14.417	16.862	0.059304	5.3901	6.2451	35.631	29.673	72.952	632.26	0.70449	30.734	0.086630	supercritical
210.00	14.455	16.877	0.059253	5.3866	6.2431	35.611	29.670	72.841	633.38	0.69928	30.779	0.086724	supercritical
210.00	14.494	16.891	0.059201	5.3831	6.2412	35.591	29.668	72.731	634.49	0.69411	30.825	0.086818	supercritical
210.00	14.532	16.906	0.059151	5.3797	6.2392	35.571	29.666	72.621	635.60	0.68898	30.871	0.086912	supercritical
210.00	14.570	16.920	0.059100	5.3762	6.2373	35.551	29.663	72.513	636.70	0.68389	30.916	0.087005	supercritical
210.00	14.609	16.935	0.059050	5.3728	6.2354	35.531	29.661	72.405	637.80	0.67885	30.961	0.087098	supercritical
210.00	14.647	16.949	0.059000	5.3694	6.2336	35.512	29.659	72.299	638.89	0.67384	31.006	0.087191	supercritical
210.00	14.685	16.963	0.058951	5.3660	6.2317	35.492	29.657	72.193	639.99	0.66888	31.051	0.087284	supercritical
210.00	14.724	16.977	0.058901	5.3626	6.2299	35.473	29.655	72.089	641.08	0.66396	31.096	0.087376	supercritical
210.00	14.762	16.992	0.058853	5.3593	6.2280	35.453	29.653	71.985	642.16	0.65907	31.141	0.087468	supercritical
210.00	14.800	17.006	0.058804	5.3559	6.2262	35.434	29.651	71.882	643.24	0.65422	31.186	0.087560	supercritical
210.00	14.839	17.020	0.058756	5.3526	6.2244	35.415	29.649	71.780	644.32	0.64941	31.230	0.087651	supercritical
210.00	14.877	17.033	0.058708	5.3493	6.2227	35.395	29.647	71.679	645.40	0.64464	31.274	0.087743	supercritical
210.00	14.915	17.047	0.058660	5.3460	6.2209	35.376	29.645	71.579	646.47	0.63991	31.318	0.087834	supercritical
210.00	14.954	17.061	0.058613	5.3427	6.2192	35.357	29.643	71.480	647.54	0.63521	31.362	0.087925	supercritical
210.00	14.992	17.075	0.058566	5.3394	6.2174	35.338	29.641	71.381	648.61	0.63055	31.406	0.088015	supercritical
210.00	15.030	17.088	0.058519	5.3362	6.2157	35.319	29.639	71.284	649.67	0.62592	31.450	0.088106	supercritical
210.00	15.068	17.102	0.058473	5.3329	6.2140	35.301	29.637	71.187	650.73	0.62133	31.494	0.088196	supercritical
210.00	15.107	17.116	0.058427	5.3297	6.2123	35.282	29.636	71.091	651.79	0.61677	31.537	0.088286	supercritical
210.00	15.145	17.129	0.058381	5.3265	6.2106	35.263	29.634	70.995	652.84	0.61225	31.581	0.088375	supercritical
210.00	15.183	17.142	0.058335	5.3233	6.2090	35.245	29.632	70.901	653.89	0.60776	31.624	0.088465	supercritical
210.00	15.222	17.156	0.058290	5.3201	6.2073	35.226	29.631	70.807	654.93	0.60331	31.667	0.088554	supercritical
210.00	15.260	17.169	0.058245	5.3169	6.2057	35.208	29.629	70.714	655.98	0.59889	31.710	0.088643	supercritical
210.00	15.298	17.182	0.058200	5.3137	6.2041	35.190	29.627	70.622	657.02	0.59450	31.753	0.088732	supercritical
210.00	15.337	17.195	0.058155	5.3106	6.2025	35.171	29.626	70.531	658.06	0.59015	31.796	0.088821	supercritical
210.00	15.375	17.208	0.058111	5.3074	6.2009	35.153	29.624	70.440	659.09	0.58582	31.839	0.088909	supercritical
210.00	15.413	17.222	0.058067	5.3043	6.1993	35.135	29.623	70.350	660.12	0.58153	31.881	0.088997	supercritical
210.00	15.452	17.234	0.058023	5.3012	6.1978	35.117	29.621	70.261	661.15	0.57727	31.924	0.089085	supercritical
210.00	15.490	17.247	0.057980	5.2981	6.1962	35.099	29.620	70.172	662.18	0.57305	31.966	0.089173	supercritical
210.00	15.528	17.260	0.057936	5.2950	6.1947	35.081	29.618	70.084	663.20	0.56885	32.008	0.089261	supercritical
210.00	15.567	17.273	0.057893	5.2920	6.1932	35.063	29.617	69.997	664.22	0.56468	32.050	0.089348	supercritical
210.00	15.605	17.286	0.057851	5.2889	6.1917	35.046	29.615	69.911	665.23	0.56054	32.092	0.089435	supercritical
210.00	15.643	17.299	0.057808	5.2859	6.1902	35.028	29.614	69.825	666.25	0.55643	32.134	0.089522	supercritical
210.00	15.682	17.311	0.057766	5.2828	6.1887	35.010	29.613	69.740	667.26	0.55235	32.176	0.089609	supercritical
210.00	15.720	17.324	0.057724	5.2798	6.1872	34.993	29.611	69.655	668.27	0.54830	32.217	0.089695	supercritical
210.00	15.758	17.336	0.057682	5.2768	6.1858	34.975	29.610	69.572	669.27	0.54428	32.259	0.089781	supercritical
210.00	15.796	17.349	0.057640	5.2738	6.1843	34.958	29.609	69.488	670.28	0.54029	32.300	0.089868	supercritical
210.00	15.835	17.361	0.057599	5.2708	6.1829	34.941	29.608	69.406	671.27	0.53632	32.342	0.089954	supercritical
210.00	15.873	17.374	0.057558	5.2678	6.1815	34.923	29.606	69.324	672.27	0.53239	32.383	0.090039	supercritical
210.00	15.911	17.386	0.057517	5.2649	6.1800	34.906	29.605	69.243	673.27	0.52848	32.424	0.090125	supercritical
210.00	15.950	17.398	0.057476	5.2619	6.1787	34.889	29.604	69.162	674.26	0.52459	32.465	0.090210	supercritical
210.00	15.988	17.411	0.057436	5.2590	6.1773	34.872	29.603	69.082	675.25	0.52074	32.506	0.090295	supercritical
210.00	16.026	17.423	0.057396	5.2560	6.1759	34.855	29.602	69.002	676.23	0.51691	32.547	0.090380	supercritical
210.00	16.065	17.435	0.057356	5.2531	6.1745	34.838	29.601	68.924	677.21	0.51311	32.587	0.090465	supercritical
210.00	16.103	17.447	0.057316	5.2502	6.1732	34.821	29.600	68.845	678.20	0.50933	32.628	0.090549	supercritical
210.00	16.141	17.459	0.057276	5.2473	6.1718	34.804	29.598	68.768	679.17	0.50558	32.668	0.090634	supercritical
210.00	16.180	17.471	0.057237	5.2444	6.1705	34.788	29.597	68.690	680.15	0.50185	32.709	0.090718	supercritical
210.00	16.218	17.483	0.057198	5.2416	6.1692	34.771	29.596	68.614	681.12	0.49815	32.749	0.090802	supercritical
210.00	16.256	17.495	0.057159	5.2387	6.1679	34.754	29.595	68.538	682.09	0.49447	32.789	0.090886	supercritical
210.00	16.295	17.507	0.057120	5.2359	6.1666	34.738	29.594	68.462	683.06	0.49082	32.829	0.090969	supercritical
210.00	16.333	17.519	0.057082	5.2330	6.1653	34.721	29.593	68.387	684.02	0.48719	32.869	0.091053	supercritical
210.00	16.371	17.531	0.057043	5.2302	6.1641	34.705	29.593	68.313	684.99	0.48359	32.909	0.091136	supercritical
210.00	16.410	17.542	0.057005	5.2274	6.1628	34.688	29.592	68.239	685.95	0.48001	32.949	0.091219	supercritical
210.00	16.448	17.554	0.056967	5.2246	6.1615	34.672	29.591	68.166	686.90	0.47645	32.988	0.091302	supercritical
210.00	16.486	17.566	0.056930	5.2218	6.1603	34.656	29.590	68.093	687.86	0.47292	33.028	0.091385	supercritical
210.00	16.524	17.577	0.056892	5.2190	6.1591	34.639	29.589	68.020	688.81	0.46941	33.067	0.091467	supercritical
210.00	16.563	17.589	0.056855	5.2162	6.1579	34.623	29.588	67.949	689.76	0.46593	33.107	0.091549	supercritical
210.00	16.601	17.600	0.056817	5.2134	6.1566	34.607	29.587	67.877	690.71	0.46246	33.146	0.091632	supercritical
210.00	16.639	17.612	0.056781	5.2107	6.1555	34.591	29.587	67.807	691.65	0.45902	33.185	0.091714	supercritical
210.00	16.678	17.623	0.056744	5.2079	6.1543	34.575	29.586	67.736	692.59	0.45560	33.224	0.091795	supercritical
210.00	16.716	17.634	0.056707	5.2052	6.1531	34.559	29.585	67.666	693.53	0.45220	33.263	0.091877	supercritical
210.00	16.754	17.646	0.056671	5.2024	6.1519	34.543	29.584	67.597	694.47	0.44883	33.302	0.091959	supercritical
210.00	16.793	17.657	0.056634	5.1997	6.1508	34.527	29.584	67.528	695.41	0.44547	33.341	0.092040	supercritical
210.00	16.831	17.668	0.056598	5.1970	6.1496	34.512	29.583	67.460	696.34	0.44214	33.380	0.092121	supercritical
210.00	16.869	17.680	0.056562	5.1943	6.1485	34.496	29.582	67.392	697.27	0.43883	33.419	0.092202	supercritical
210.00	16.908	17.691	0.056527	5.1916	6.1473	34.480	29.582	67.324	698.20	0.43554	33.457	0.092283	supercritical
210.00	16.946	17.702	0.056491	5.1889	6.1462	34.464	29.581	67.257	699.13	0.43227	33.496	0.092363	supercritical
210.00	16.984	17.713	0.056456	5.1863	6.1451	34.449	29.580	67.191	700.05	0.42902	33.534	0.092444	supercritical
210.00	17.023	17.724	0.056421	5.1836	6.1440	34.433	29.580	67.124	700.97	0.42579	33.572	0.092524	supercritical
210.00	17.061	17.735	0.056386	5.1809	6.1429	34.418	29.579	67.059	701.89	0.42258	33.611	0.092604	supercritical
210.00	17.099	17.746	0.056351	5.1783	6.1418	34.402	29.579	66.994	702.81	0.41939	33.649	0.092684	supercritical
210.00	17.138	17.757	0.056316	5.1757	6.1408	34.387	29.578	66.929	703.72	0.41621	33.687	0.092764	supercritical
210.00	17.176	17.768	0.056282	5.1730	6.1397	34.372	29.577	66.864	704.63	0.41306	33.725	0.092844	supercritical
210.00	17.214	17.779	0.056247	5.1704	6.1387	34.356	29.577	66.800	705.54	0.40993	33.763	0.092923	supercritical
210.00	17.253	17.789	0.056213	5.1678	6.1376	34.341	29.576	66.737	706.45	0.40682	33.800	0.093003	supercritical
210.00	17.291	17.800	0.056179	5.1652	6.1366	34.326	29.576	66.674	707.36	0.40373	33.838	0.093082	supercritical
210.00	17.329	17.811	0.056145	5.1626	6.1356	34.311	29.575	66.611	708.26	0.40065	33.876	0.093161	supercritical
210.00	17.367	17.822	0.056111	5.1600	6.1345	34.296	29.575	66.548	709.16	0.39759	33.913	0.093240	supercritical
210.00	17.406	17.832	0.056078	5.1574	6.1335	34.281	29.575	66.487	710.06	0.39456	33.951	0.093318	supercritical
210.00	17.444	17.843	0.056044	5.1549	6.1325	34.266	29.574	66.425	710.96	0.39154	33.988	0.093397	supercritical
210.00	17.482	17.854	0.056011	5.1523	6.1315	34.251	29.574	66.364	711.85	0.38854	34.026	0.093475	supercritical
210.00	17.521	17.864	0.055978	5.1498	6.1305	34.236	29.573	66.303	712.75	0.38555	34.063	0.093554	supercritical
210.00	17.559	17.875	0.055945	5.1472	6.1296	34.221	29.573	66.243	713.64	0.38258	34.100	0.093632	supercritical
210.00	17.597	17.885	0.055912	5.1447	6.1286	34.206	29.573	66.183	714.53	0.37964	34.137	0.093710	supercritical
210.00	17.636	17.896	0.055880	5.1422	6.1276	34.191	29.572	66.123	715.41	0.37670	34.174	0.093788	supercritical
210.00	17.674	17.906	0.055847	5.1397	6.1267	34.177	29.572	66.064	716.30	0.37379	34.211	0.093865	supercritical
210.00	17.712	17.916	0.055815	5.1371	6.1258	34.162	29.572	66.005	717.18	0.37089	34.248	0.093943	supercritical
210.00	17.751	17.927	0.055782	5.1346	6.1248	34.147	29.571	65.946	718.06	0.36801	34.285	0.094020	supercritical
210.00	17.789	17.937	0.055750	5.1322	6.1239	34.133	29.571	65.888	718.94	0.36515	34.321	0.094097	supercritical
210.00	17.827	17.947	0.055718	5.1297	6.1230	34.118	29.571	65.831	719.81	0.36230	34.358	0.094174	supercritical
210.00	17.866	17.958	0.055687	5.1272	6.1221	34.104	29.570	65.773	720.69	0.35947	34.394	0.094251	supercritical
210.00	17.904	17.968	0.055655	5.1247	6.1212	34.089	29.570	65.716	721.56	0.35666	34.431	0.094328	supercritical
210.00	17.942	17.978	0.055624	5.1223	6.1203	34.075	29.570	65.659	722.43	0.35386	34.467	0.094405	supercritical
210.00	17.981	17.988	0.055592	5.1198	6.1194	34.061	29.570	65.603	723.30	0.35108	34.504	0.094481	supercritical
210.00	18.019	17.998	0.055561	5.1174	6.1185	34.046	29.569	65.547	724.17	0.34831	34.540	0.094558	supercritical
210.00	18.057	18.008	0.055530	5.1149	6.1176	34.032	29.569	65.491	725.03	0.34556	34.576	0.094634	supercritical
210.00	18.095	18.018	0.055499	5.1125	6.1168	34.018	29.569	65.436	725.89	0.34283	34.612	0.094710	supercritical
210.00	18.134	18.028	0.055468	5.1101	6.1159	34.004	29.569	65.381	726.75	0.34011	34.648	0.094786	supercritical
210.00	18.172	18.038	0.055437	5.1077	6.1151	33.989	29.569	65.326	727.61	0.33740	34.684	0.094862	supercritical
210.00	18.210	18.048	0.055407	5.1052	6.1142	33.975	29.569	65.272	728.47	0.33471	34.720	0.094937	supercritical
210.00	18.249	18.058	0.055376	5.1028	6.1134	33.961	29.568	65.218	729.32	0.33204	34.756	0.095013	supercritical
210.00	18.287	18.068	0.055346	5.1005	6.1126	33.947	29.568	65.164	730.18	0.32938	34.792	0.095088	supercritical
210.00	18.325	18.078	0.055316	5.0981	6.1117	33.933	29.568	65.110	731.03	0.32674	34.827	0.095164	supercritical
210.00	18.364	18.088	0.055286	5.0957	6.1109	33.919	29.568	65.057	731.88	0.32411	34.863	0.095239	supercritical
210.00	18.402	18.098	0.055256	5.0933	6.1101	33.905	29.568	65.004	732.73	0.32149	34.898	0.095314	supercritical
210.00	18.440	18.107	0.055226	5.0909	6.1093	33.891	29.568	64.952	733.57	0.31889	34.934	0.095388	supercritical
210.00	18.479	18.117	0.055196	5.0886	6.1085	33.878	29.568	64.900	734.41	0.31630	34.969	0.095463	supercritical
210.00	18.517	18.127	0.055167	5.0862	6.1078	33.864	29.568	64.848	735.26	0.31373	35.005	0.095538	supercritical
210.00	18.555	18.137	0.055137	5.0839	6.1070	33.850	29.568	64.796	736.10	0.31117	35.040	0.095612	supercritical
210.00	18.594	18.146	0.055108	5.0816	6.1062	33.836	29.568	64.745	736.93	0.30863	35.075	0.095687	supercritical
210.00	18.632	18.156	0.055079	5.0792	6.1055	33.823	29.568	64.694	737.77	0.30610	35.110	0.095761	supercritical
210.00	18.670	18.165	0.055050	5.0769	6.1047	33.809	29.568	64.643	738.61	0.30358	35.145	0.095835	supercritical
210.00	18.709	18.175	0.055021	5.0746	6.1040	33.795	29.568	64.593	739.44	0.30107	35.180	0.095909	supercritical
210.00	18.747	18.184	0.054992	5.0723	6.1032	33.782	29.568	64.543	740.27	0.29858	35.215	0.095983	supercritical
210.00	18.785	18.194	0.054963	5.0700	6.1025	33.768	29.568	64.493	741.10	0.29611	35.250	0.096056	supercritical
210.00	18.823	18.203	0.054935	5.0677	6.1017	33.755	29.568	64.443	741.93	0.29364	35.285	0.096130	supercritical
210.00	18.862	18.213	0.054906	5.0654	6.1010	33.741	29.568	64.394	742.75	0.29119	35.320	0.096203	supercritical
210.00	18.900	18.222	0.054878	5.0631	6.1003	33.728	29.568	64.345	743.58	0.28875	35.354	0.096277	supercritical
210.00	18.938	18.232	0.054850	5.0608	6.0996	33.715	29.568	64.296	744.40	0.28633	35.389	0.096350	supercritical
210.00	18.977	18.241	0.054822	5.0586	6.0989	33.701	29.568	64.248	745.22	0.28392	35.424	0.096423	supercritical
210.00	19.015	18.250	0.054793	5.0563	6.0982	33.688	29.568	64.200	746.04	0.28152	35.458	0.096496	supercritical
210.00	19.053	18.260	0.054766	5.0540	6.0975	33.675	29.568	64.152	746.86	0.27913	35.492	0.096569	supercritical
210.00	19.092	18.269	0.054738	5.0518	6.0968	33.661	29.568	64.104	747.67	0.27676	35.527	0.096641	supercritical
210.00	19.130	18.278	0.054710	5.0495	6.0962	33.648	29.568	64.057	748.49	0.27439	35.561	0.096714	supercritical
210.00	19.168	18.287	0.054682	5.0473	6.0955	33.635	29.568	64.009	749.30	0.27205	35.595	0.096786	supercritical
210.00	19.207	18.297	0.054655	5.0451	6.0948	33.622	29.568	63.963	750.11	0.26971	35.630	0.096859	supercritical
210.00	19.245	18.306	0.054628	5.0429	6.0942	33.609	29.569	63.916	750.92	0.26738	35.664	0.096931	supercritical
210.00	19.283	18.315	0.054600	5.0406	6.0935	33.596	29.569	63.870	751.72	0.26507	35.698	0.097003	supercritical
210.00	19.322	18.324	0.054573	5.0384	6.0929	33.583	29.569	63.823	752.53	0.26277	35.732	0.097075	supercritical
210.00	19.360	18.333	0.054546	5.0362	6.0922	33.570	29.569	63.778	753.33	0.26048	35.766	0.097147	supercritical
210.00	19.398	18.342	0.054519	5.0340	6.0916	33.557	29.569	63.732	754.14	0.25820	35.800	0.097219	supercritical
210.00	19.437	18.351	0.054492	5.0318	6.0910	33.544	29.569	63.686	754.94	0.25593	35.833	0.097290	supercritical
210.00	19.475	18.360	0.054466	5.0296	6.0903	33.531	29.570	63.641	755.74	0.25368	35.867	0.097362	supercritical
210.00	19.513	18.369	0.054439	5.0274	6.0897	33.518	29.570	63.596	756.53	0.25143	35.901	0.097433	supercritical
210.00	19.552	18.378	0.054412	5.0253	6.0891	33.505	29.570	63.552	757.33	0.24920	35.934	0.097505	supercritical
210.00	19.590	18.387	0.054386	5.0231	6.0885	33.492	29.570	63.507	758.12	0.24698	35.968	0.097576	supercritical
210.00	19.628	18.396	0.054360	5.0209	6.0879	33.480	29.570	63.463	758.92	0.24477	36.002	0.097647	supercritical
210.00	19.666	18.405	0.054333	5.0188	6.0873	33.467	29.571	63.419	759.71	0.24257	36.035	0.097718	supercritical
210.00	19.705	18.414	0.054307	5.0166	6.0867	33.454	29.571	63.375	760.50	0.24038	36.068	0.097789	supercritical
210.00	19.743	18.423	0.054281	5.0145	6.0862	33.441	29.571	63.332	761.29	0.23820	36.102	0.097859	supercritical
210.00	19.781	18.431	0.054255	5.0123	6.0856	33.429	29.571	63.289	762.07	0.23604	36.135	0.097930	supercritical
210.00	19.820	18.440	0.054229	5.0102	6.0850	33.416	29.572	63.245	762.86	0.23388	36.168	0.098000	supercritical
210.00	19.858	18.449	0.054204	5.0081	6.0844	33.404	29.572	63.203	763.64	0.23173	36.202	0.098071	supercritical
210.00	19.896	18.458	0.054178	5.0059	6.0839	33.391	29.572	63.160	764.42	0.22960	36.235	0.098141	supercritical
210.00	19.935	18.466	0.054152	5.0038	6.0833	33.379	29.573	63.118	765.20	0.22747	36.268	0.098211	supercritical
210.00	19.973	18.475	0.054127	5.0017	6.0828	33.366	29.573	63.075	765.98	0.22536	36.301	0.098281	supercritical
210.00	20.011	18.484	0.054101	4.9996	6.0822	33.354	29.573	63.033	766.76	0.22326	36.334	0.098351	supercritical
210.00	20.050	18.492	0.054076	4.9975	6.0817	33.341	29.574	62.992	767.54	0.22116	36.367	0.098421	supercritical
210.00	20.088	18.501	0.054051	4.9954	6.0812	33.329	29.574	62.950	768.31	0.21908	36.400	0.098491	supercritical
210.00	20.126	18.510	0.054026	4.9933	6.0807	33.316	29.574	62.909	769.08	0.21701	36.432	0.098560	supercritical
210.00	20.165	18.518	0.054001	4.9912	6.0801	33.304	29.575	62.868	769.86	0.21494	36.465	0.098630	supercritical
210.00	20.203	18.527	0.053976	4.9891	6.0796	33.292	29.575	62.827	770.63	0.21289	36.498	0.098699	supercritical
210.00	20.241	18.535	0.053951	4.9871	6.0791	33.280	29.575	62.786	771.39	0.21085	36.530	0.098769	supercritical
210.00	20.280	18.544	0.053926	4.9850	6.0786	33.267	29.576	62.746	772.16	0.20881	36.563	0.098838	supercritical
210.00	20.318	18.552	0.053902	4.9829	6.0781	33.255	29.576	62.705	772.93	0.20679	36.596	0.098907	supercritical
210.00	20.356	18.561	0.053877	4.9809	6.0776	33.243	29.576	62.665	773.69	0.20477	36.628	0.098976	supercritical
210.00	20.394	18.569	0.053852	4.9788	6.0771	33.231	29.577	62.625	774.45	0.20277	36.661	0.099045	supercritical
210.00	20.433	18.578	0.053828	4.9768	6.0766	33.219	29.577	62.585	775.22	0.20077	36.693	0.099114	supercritical
210.00	20.471	18.586	0.053804	4.9747	6.0762	33.206	29.578	62.546	775.98	0.19879	36.725	0.099182	supercritical
210.00	20.509	18.594	0.053779	4.9727	6.0757	33.194	29.578	62.507	776.74	0.19681	36.758	0.099251	supercritical
210.00	20.548	18.603	0.053755	4.9707	6.0752	33.182	29.578	62.467	777.49	0.19484	36.790	0.099320	supercritical
210.00	20.586	18.611	0.053731	4.9686	6.0747	33.170	29.579	62.429	778.25	0.19288	36.822	0.099388	supercritical
210.00	20.624	18.619	0.053707	4.9666	6.0743	33.158	29.579	62.390	779.00	0.19093	36.854	0.099456	supercritical
210.00	20.663	18.628	0.053683	4.9646	6.0738	33.146	29.580	62.351	779.76	0.18899	36.886	0.099524	supercritical
210.00	20.701	18.636	0.053660	4.9626	6.0734	33.134	29.580	62.313	780.51	0.18706	36.918	0.099592	supercritical
210.00	20.739	18.644	0.053636	4.9606	6.0729	33.123	29.581	62.275	781.26	0.18514	36.950	0.099660	supercritical
210.00	20.778	18.652	0.053612	4.9586	6.0725	33.111	29.581	62.237	782.01	0.18323	36.982	0.099728	supercritical
210.00	20.816	18.661	0.053589	4.9566	6.0721	33.099	29.581	62.199	782.75	0.18132	37.014	0.099796	supercritical
210.00	20.854	18.669	0.053565	4.9546	6.0716	33.087	29.582	62.161	783.50	0.17943	37.046	0.099864	supercritical
210.00	20.893	18.677	0.053542	4.9526	6.0712	33.075	29.582	62.124	784.25	0.17754	37.078	0.099931	supercritical
210.00	20.931	18.685	0.053518	4.9506	6.0708	33.063	29.583	62.086	784.99	0.17566	37.109	0.099999	supercritical
210.00	20.969	18.693	0.053495	4.9486	6.0704	33.052	29.583	62.049	785.73	0.17379	37.141	0.10007	supercritical
210.00	21.008	18.701	0.053472	4.9467	6.0700	33.040	29.584	62.012	786.47	0.17193	37.173	0.10013	supercritical
210.00	21.046	18.710	0.053449	4.9447	6.0696	33.028	29.584	61.976	787.21	0.17008	37.204	0.10020	supercritical
210.00	21.084	18.718	0.053426	4.9427	6.0692	33.017	29.585	61.939	787.95	0.16823	37.236	0.10027	supercritical
210.00	21.122	18.726	0.053403	4.9408	6.0688	33.005	29.585	61.903	788.69	0.16640	37.267	0.10034	supercritical
210.00	21.161	18.734	0.053380	4.9388	6.0684	32.993	29.586	61.866	789.42	0.16457	37.299	0.10040	supercritical
210.00	21.199	18.742	0.053357	4.9369	6.0680	32.982	29.586	61.830	790.16	0.16275	37.330	0.10047	supercritical
210.00	21.237	18.750	0.053334	4.9349	6.0676	32.970	29.587	61.794	790.89	0.16094	37.362	0.10054	supercritical
210.00	21.276	18.758	0.053312	4.9330	6.0672	32.959	29.587	61.759	791.62	0.15913	37.393	0.10060	supercritical
210.00	21.314	18.766	0.053289	4.9310	6.0668	32.947	29.588	61.723	792.35	0.15734	37.424	0.10067	supercritical
210.00	21.352	18.773	0.053267	4.9291	6.0665	32.936	29.589	61.688	793.08	0.15555	37.456	0.10074	supercritical
210.00	21.391	18.781	0.053244	4.9272	6.0661	32.924	29.589	61.652	793.81	0.15377	37.487	0.10080	supercritical
210.00	21.429	18.789	0.053222	4.9253	6.0657	32.913	29.590	61.617	794.54	0.15200	37.518	0.10087	supercritical
210.00	21.467	18.797	0.053200	4.9233	6.0654	32.901	29.590	61.582	795.26	0.15024	37.549	0.10093	supercritical
210.00	21.506	18.805	0.053177	4.9214	6.0650	32.890	29.591	61.548	795.99	0.14848	37.580	0.10100	supercritical
210.00	21.544	18.813	0.053155	4.9195	6.0647	32.879	29.591	61.513	796.71	0.14673	37.611	0.10107	supercritical
210.00	21.582	18.821	0.053133	4.9176	6.0643	32.867	29.592	61.478	797.43	0.14499	37.642	0.10113	supercritical
210.00	21.621	18.828	0.053111	4.9157	6.0640	32.856	29.593	61.444	798.15	0.14326	37.673	0.10120	supercritical
210.00	21.659	18.836	0.053089	4.9138	6.0637	32.845	29.593	61.410	798.87	0.14153	37.704	0.10126	supercritical
210.00	21.697	18.844	0.053067	4.9119	6.0633	32.834	29.594	61.376	799.59	0.13981	37.735	0.10133	supercritical
210.00	21.736	18.852	0.053046	4.9100	6.0630	32.822	29.594	61.342	800.31	0.13810	37.765	0.10139	supercritical
210.00	21.774	18.859	0.053024	4.9082	6.0627	32.811	29.595	61.309	801.02	0.13640	37.796	0.10146	supercritical
210.00	21.812	18.867	0.053002	4.9063	6.0624	32.800	29.596	61.275	801.74	0.13470	37.827	0.10153	supercritical
210.00	21.851	18.875	0.052981	4.9044	6.0621	32.789	29.596	61.242	802.45	0.13301	37.857	0.10159	supercritical
210.00	21.889	18.882	0.052959	4.9025	6.0618	32.778	29.597	61.208	803.16	0.13133	37.888	0.10166	supercritical
210.00	21.927	18.890	0.052938	4.9007	6.0614	32.766	29.597	61.175	803.87	0.12966	37.919	0.10172	supercritical
210.00	21.965	18.898	0.052916	4.8988	6.0611	32.755	29.598	61.142	804.58	0.12799	37.949	0.10179	supercritical
210.00	22.004	18.905	0.052895	4.8970	6.0608	32.744	29.599	61.110	805.29	0.12633	37.980	0.10185	supercritical
210.00	22.042	18.913	0.052874	4.8951	6.0606	32.733	29.599	61.077	806.00	0.12468	38.010	0.10192	supercritical
210.00	22.080	18.921	0.052853	4.8933	6.0603	32.722	29.600	61.044	806.70	0.12303	38.040	0.10198	supercritical
210.00	22.119	18.928	0.052832	4.8914	6.0600	32.711	29.601	61.012	807.41	0.12139	38.071	0.10205	supercritical
210.00	22.157	18.936	0.052811	4.8896	6.0597	32.700	29.601	60.980	808.11	0.11976	38.101	0.10211	supercritical
210.00	22.195	18.943	0.052790	4.8877	6.0594	32.689	29.602	60.948	808.82	0.11814	38.131	0.10217	supercritical
210.00	22.234	18.951	0.052769	4.8859	6.0591	32.678	29.603	60.916	809.52	0.11652	38.162	0.10224	supercritical
210.00	22.272	18.958	0.052748	4.8841	6.0589	32.667	29.603	60.884	810.22	0.11491	38.192	0.10230	supercritical
210.00	22.310	18.966	0.052727	4.8823	6.0586	32.657	29.604	60.852	810.92	0.11330	38.222	0.10237	supercritical
210.00	22.349	18.973	0.052706	4.8804	6.0583	32.646	29.605	60.821	811.61	0.11170	38.252	0.10243	supercritical
210.00	22.387	18.981	0.052686	4.8786	6.0581	32.635	29.605	60.789	812.31	0.11011	38.282	0.10250	supercritical
210.00	22.425	18.988	0.052665	4.8768	6.0578	32.624	29.606	60.758	813.01	0.10853	38.312	0.10256	supercritical
210.00	22.464	18.995	0.052644	4.8750	6.0576	32.613	29.607	60.727	813.70	0.10695	38.342	0.10262	supercritical
210.00	22.502	19.003	0.052624	4.8732	6.0573	32.602	29.607	60.696	814.39	0.10538	38.372	0.10269	supercritical
210.00	22.540	19.010	0.052604	4.8714	6.0571	32.592	29.608	60.665	815.09	0.10381	38.402	0.10275	supercritical
210.00	22.579	19.017	0.052583	4.8696	6.0569	32.581	29.609	60.634	815.78	0.10225	38.432	0.10282	supercritical
210.00	22.617	19.025	0.052563	4.8678	6.0566	32.570	29.609	60.604	816.47	0.10070	38.462	0.10288	supercritical
210.00	22.655	19.032	0.052543	4.8660	6.0564	32.560	29.610	60.573	817.16	0.099153	38.491	0.10294	supercritical
210.00	22.693	19.039	0.052523	4.8642	6.0562	32.549	29.611	60.543	817.84	0.097613	38.521	0.10301	supercritical
210.00	22.732	19.047	0.052502	4.8625	6.0559	32.538	29.612	60.513	818.53	0.096079	38.551	0.10307	supercritical
210.00	22.770	19.054	0.052482	4.8607	6.0557	32.528	29.612	60.483	819.22	0.094552	38.581	0.10313	supercritical
210.00	22.808	19.061	0.052462	4.8589	6.0555	32.517	29.613	60.453	819.90	0.093031	38.610	0.10320	supercritical
210.00	22.847	19.069	0.052442	4.8571	6.0553	32.506	29.614	60.423	820.59	0.091516	38.640	0.10326	supercritical
210.00	22.885	19.076	0.052423	4.8554	6.0551	32.496	29.615	60.393	821.27	0.090007	38.669	0.10332	supercritical
210.00	22.923	19.083	0.052403	4.8536	6.0549	32.485	29.615	60.363	821.95	0.088504	38.699	0.10339	supercritical
210.00	22.962	19.090	0.052383	4.8519	6.0547	32.475	29.616	60.334	822.63	0.087008	38.728	0.10345	supercritical
210.00	23.000	19.097	0.052363	4.8501	6.0545	32.464	29.617	60.305	823.31	0.085517	38.758	0.10351	supercritical
